#nexus

BEGIN Splits;
DIMENSIONS ntax=17 nsplits=42;
FORMAT labels=no weights=yes confidences=no intervals=no;
PROPERTIES fit=99.94 leastsquares cyclic;
CYCLE 1 3 8 7 9 10 12 14 15 16 17 13 11 6 4 5 2;
MATRIX
[1, size=1] 	 0.03353639 	  1 2 4 5 6 7 8 9 10 11 12 13 14 15 16 17,
[2, size=5] 	 0.0046494445 	  1 2 4 5 6,
[3, size=1] 	 0.07893349 	  1,
[4, size=1] 	 0.009710114 	  1 2 3 4 5 6 7 9 10 11 12 13 14 15 16 17,
[5, size=2] 	 0.0045328583 	  1 2 3 4 5 6 9 10 11 12 13 14 15 16 17,
[6, size=4] 	 0.023804896 	  1 2 3 4 5 6 11 12 13 14 15 16 17,
[7, size=7] 	 5.141795E-4 	  1 2 3 4 5 6 11 13 16 17,
[8, size=6] 	 0.0014508885 	  1 2 3 4 5 6,
[9, size=5] 	 0.016571457 	  1 2 3 4 5,
[10, size=3] 	 0.004899606 	  1 2 3,
[11, size=2] 	 0.00206714 	  1 3,
[12, size=1] 	 0.0047264383 	  1 2 3 4 5 6 8 9 10 11 12 13 14 15 16 17,
[13, size=2] 	 0.002506538 	  1 2 3 4 5 6 8 10 11 12 13 14 15 16 17,
[14, size=6] 	 0.0013613321 	  1 2 3 4 5 8,
[15, size=1] 	 0.0028338325 	  1 2 3 4 5 6 7 8 10 11 12 13 14 15 16 17,
[16, size=2] 	 0.00955531 	  1 2 3 4 5 6 7 8 11 12 13 14 15 16 17,
[17, size=5] 	 0.001278158 	  1 2 3 7 8,
[18, size=1] 	 0.011369301 	  1 2 3 4 5 6 7 8 9 11 12 13 14 15 16 17,
[19, size=1] 	 0.011757052 	  1 2 3 4 5 6 7 8 9 10 11 13 14 15 16 17,
[20, size=2] 	 0.002275425 	  1 2 3 4 5 6 7 8 9 10 11 13 15 16 17,
[21, size=5] 	 0.00167108 	  1 2 3 4 5 6 7 8 9 10 11 13,
[22, size=7] 	 0.009970633 	  1 2 3 4 5 6 7 8 9 10,
[23, size=8] 	 0.0010920668 	  1 2 3 5 7 8 9 10,
[24, size=1] 	 0.0038196712 	  1 2 3 4 5 6 7 8 9 10 11 12 13 15 16 17,
[25, size=4] 	 0.0032679532 	  1 2 3 4 5 6 7 8 9 10 11 12 13,
[26, size=5] 	 0.0045132563 	  1 2 3 4 5 6 7 8 9 10 11 12,
[27, size=6] 	 0.0016576722 	  1 2 3 4 5 6 7 8 9 10 12,
[28, size=8] 	 8.675424E-4 	  1 2 3 5 7 8 9 10 12,
[29, size=1] 	 0.006403406 	  1 2 3 4 5 6 7 8 9 10 11 12 13 14 16 17,
[30, size=3] 	 6.848129E-4 	  1 2 3 4 5 6 7 8 9 10 11 12 13 14,
[31, size=1] 	 1.5776532E-4 	  1 2 3 4 5 6 7 8 9 10 11 12 13 14 15 17,
[32, size=2] 	 0.006728579 	  1 2 3 4 5 6 7 8 9 10 11 12 13 14 15,
[33, size=1] 	 8.590265E-5 	  1 2 3 4 5 6 7 8 9 10 11 12 13 14 15 16,
[34, size=1] 	 0.0063674888 	  1 2 3 4 5 6 7 8 9 10 11 12 14 15 16 17,
[35, size=3] 	 7.277945E-4 	  1 2 3 4 5 7 8 9 10 12 14 15 16 17,
[36, size=1] 	 0.01557775 	  1 2 3 4 5 6 7 8 9 10 12 13 14 15 16 17,
[37, size=1] 	 0.026053645 	  1 2 3 4 5 7 8 9 10 11 12 13 14 15 16 17,
[38, size=1] 	 0.043413874 	  1 2 3 5 6 7 8 9 10 11 12 13 14 15 16 17,
[39, size=2] 	 8.665121E-4 	  1 2 3 6 7 8 9 10 11 12 13 14 15 16 17,
[40, size=3] 	 0.003565102 	  1 3 6 7 8 9 10 11 12 13 14 15 16 17,
[41, size=1] 	 0.05157588 	  1 2 3 4 6 7 8 9 10 11 12 13 14 15 16 17,
[42, size=1] 	 0.055162117 	  1 3 4 5 6 7 8 9 10 11 12 13 14 15 16 17,
;
END; [Splits]
