[[1]]
[[1]][[1]]
[[1]][[1]]$partition
[[1]][[1]]$partition$a
[1] "anolis_carolinensis"

[[1]][[1]]$partition$b
[1] "homo_sapiens"               "pantherophis_guttata"       "zebra_finch"                "gallus_gallus"              "alligator_mississippiensis"
[6] "crocodylus_porosus"         "chrysemys_picta"            "pelomedusa_subrufa"         "sphenodon_tuatara"         


[[1]][[1]]$isolation_index
[1] 0.00984139

[[1]][[1]]$matrix
            [,1] [,2] [,3] [,4] [,5] [,6] [,7] [,8] [,9] [,10]
 [1,] 0.00000000    0    0    0    0    0    0    0    0     0
 [2,] 0.00984139    0    0    0    0    0    0    0    0     0
 [3,] 0.00984139    0    0    0    0    0    0    0    0     0
 [4,] 0.00984139    0    0    0    0    0    0    0    0     0
 [5,] 0.00984139    0    0    0    0    0    0    0    0     0
 [6,] 0.00984139    0    0    0    0    0    0    0    0     0
 [7,] 0.00984139    0    0    0    0    0    0    0    0     0
 [8,] 0.00984139    0    0    0    0    0    0    0    0     0
 [9,] 0.00984139    0    0    0    0    0    0    0    0     0
[10,] 0.00984139    0    0    0    0    0    0    0    0     0


[[1]][[2]]
[[1]][[2]]$partition
[[1]][[2]]$partition$a
[1] "homo_sapiens"

[[1]][[2]]$partition$b
[1] "anolis_carolinensis"        "pantherophis_guttata"       "zebra_finch"                "gallus_gallus"              "alligator_mississippiensis"
[6] "crocodylus_porosus"         "chrysemys_picta"            "pelomedusa_subrufa"         "sphenodon_tuatara"         


[[1]][[2]]$isolation_index
[1] 0.02120188

[[1]][[2]]$matrix
            [,1]       [,2] [,3] [,4] [,5] [,6] [,7] [,8] [,9] [,10]
 [1,] 0.00000000 0.00000000    0    0    0    0    0    0    0     0
 [2,] 0.02120188 0.00000000    0    0    0    0    0    0    0     0
 [3,] 0.00000000 0.02120188    0    0    0    0    0    0    0     0
 [4,] 0.00000000 0.02120188    0    0    0    0    0    0    0     0
 [5,] 0.00000000 0.02120188    0    0    0    0    0    0    0     0
 [6,] 0.00000000 0.02120188    0    0    0    0    0    0    0     0
 [7,] 0.00000000 0.02120188    0    0    0    0    0    0    0     0
 [8,] 0.00000000 0.02120188    0    0    0    0    0    0    0     0
 [9,] 0.00000000 0.02120188    0    0    0    0    0    0    0     0
[10,] 0.00000000 0.02120188    0    0    0    0    0    0    0     0


[[1]][[3]]
[[1]][[3]]$partition
[[1]][[3]]$partition$a
[1] "pantherophis_guttata"

[[1]][[3]]$partition$b
[1] "anolis_carolinensis"        "homo_sapiens"               "zebra_finch"                "gallus_gallus"              "alligator_mississippiensis"
[6] "crocodylus_porosus"         "chrysemys_picta"            "pelomedusa_subrufa"         "sphenodon_tuatara"         


[[1]][[3]]$isolation_index
[1] 0.02116985

[[1]][[3]]$matrix
            [,1]       [,2]       [,3] [,4] [,5] [,6] [,7] [,8] [,9] [,10]
 [1,] 0.00000000 0.00000000 0.00000000    0    0    0    0    0    0     0
 [2,] 0.00000000 0.00000000 0.00000000    0    0    0    0    0    0     0
 [3,] 0.02116985 0.02116985 0.00000000    0    0    0    0    0    0     0
 [4,] 0.00000000 0.00000000 0.02116985    0    0    0    0    0    0     0
 [5,] 0.00000000 0.00000000 0.02116985    0    0    0    0    0    0     0
 [6,] 0.00000000 0.00000000 0.02116985    0    0    0    0    0    0     0
 [7,] 0.00000000 0.00000000 0.02116985    0    0    0    0    0    0     0
 [8,] 0.00000000 0.00000000 0.02116985    0    0    0    0    0    0     0
 [9,] 0.00000000 0.00000000 0.02116985    0    0    0    0    0    0     0
[10,] 0.00000000 0.00000000 0.02116985    0    0    0    0    0    0     0


[[1]][[4]]
[[1]][[4]]$partition
[[1]][[4]]$partition$a
[1] "zebra_finch"

[[1]][[4]]$partition$b
[1] "anolis_carolinensis"        "homo_sapiens"               "pantherophis_guttata"       "gallus_gallus"              "alligator_mississippiensis"
[6] "crocodylus_porosus"         "chrysemys_picta"            "pelomedusa_subrufa"         "sphenodon_tuatara"         


[[1]][[4]]$isolation_index
[1] 0.00667591

[[1]][[4]]$matrix
            [,1]       [,2]       [,3]       [,4] [,5] [,6] [,7] [,8] [,9] [,10]
 [1,] 0.00000000 0.00000000 0.00000000 0.00000000    0    0    0    0    0     0
 [2,] 0.00000000 0.00000000 0.00000000 0.00000000    0    0    0    0    0     0
 [3,] 0.00000000 0.00000000 0.00000000 0.00000000    0    0    0    0    0     0
 [4,] 0.00667591 0.00667591 0.00667591 0.00000000    0    0    0    0    0     0
 [5,] 0.00000000 0.00000000 0.00000000 0.00667591    0    0    0    0    0     0
 [6,] 0.00000000 0.00000000 0.00000000 0.00667591    0    0    0    0    0     0
 [7,] 0.00000000 0.00000000 0.00000000 0.00667591    0    0    0    0    0     0
 [8,] 0.00000000 0.00000000 0.00000000 0.00667591    0    0    0    0    0     0
 [9,] 0.00000000 0.00000000 0.00000000 0.00667591    0    0    0    0    0     0
[10,] 0.00000000 0.00000000 0.00000000 0.00667591    0    0    0    0    0     0


[[1]][[5]]
[[1]][[5]]$partition
[[1]][[5]]$partition$a
[1] "gallus_gallus"

[[1]][[5]]$partition$b
[1] "anolis_carolinensis"        "homo_sapiens"               "pantherophis_guttata"       "zebra_finch"                "alligator_mississippiensis"
[6] "crocodylus_porosus"         "chrysemys_picta"            "pelomedusa_subrufa"         "sphenodon_tuatara"         


[[1]][[5]]$isolation_index
[1] 0.005639835

[[1]][[5]]$matrix
             [,1]        [,2]        [,3]        [,4]        [,5] [,6] [,7] [,8] [,9] [,10]
 [1,] 0.000000000 0.000000000 0.000000000 0.000000000 0.000000000    0    0    0    0     0
 [2,] 0.000000000 0.000000000 0.000000000 0.000000000 0.000000000    0    0    0    0     0
 [3,] 0.000000000 0.000000000 0.000000000 0.000000000 0.000000000    0    0    0    0     0
 [4,] 0.000000000 0.000000000 0.000000000 0.000000000 0.000000000    0    0    0    0     0
 [5,] 0.005639835 0.005639835 0.005639835 0.005639835 0.000000000    0    0    0    0     0
 [6,] 0.000000000 0.000000000 0.000000000 0.000000000 0.005639835    0    0    0    0     0
 [7,] 0.000000000 0.000000000 0.000000000 0.000000000 0.005639835    0    0    0    0     0
 [8,] 0.000000000 0.000000000 0.000000000 0.000000000 0.005639835    0    0    0    0     0
 [9,] 0.000000000 0.000000000 0.000000000 0.000000000 0.005639835    0    0    0    0     0
[10,] 0.000000000 0.000000000 0.000000000 0.000000000 0.005639835    0    0    0    0     0


[[1]][[6]]
[[1]][[6]]$partition
[[1]][[6]]$partition$a
[1] "alligator_mississippiensis"

[[1]][[6]]$partition$b
[1] "anolis_carolinensis"  "homo_sapiens"         "pantherophis_guttata" "zebra_finch"          "gallus_gallus"        "crocodylus_porosus"   "chrysemys_picta"     
[8] "pelomedusa_subrufa"   "sphenodon_tuatara"   


[[1]][[6]]$isolation_index
[1] 0.00104381

[[1]][[6]]$matrix
            [,1]       [,2]       [,3]       [,4]       [,5]       [,6] [,7] [,8] [,9] [,10]
 [1,] 0.00000000 0.00000000 0.00000000 0.00000000 0.00000000 0.00000000    0    0    0     0
 [2,] 0.00000000 0.00000000 0.00000000 0.00000000 0.00000000 0.00000000    0    0    0     0
 [3,] 0.00000000 0.00000000 0.00000000 0.00000000 0.00000000 0.00000000    0    0    0     0
 [4,] 0.00000000 0.00000000 0.00000000 0.00000000 0.00000000 0.00000000    0    0    0     0
 [5,] 0.00000000 0.00000000 0.00000000 0.00000000 0.00000000 0.00000000    0    0    0     0
 [6,] 0.00104381 0.00104381 0.00104381 0.00104381 0.00104381 0.00000000    0    0    0     0
 [7,] 0.00000000 0.00000000 0.00000000 0.00000000 0.00000000 0.00104381    0    0    0     0
 [8,] 0.00000000 0.00000000 0.00000000 0.00000000 0.00000000 0.00104381    0    0    0     0
 [9,] 0.00000000 0.00000000 0.00000000 0.00000000 0.00000000 0.00104381    0    0    0     0
[10,] 0.00000000 0.00000000 0.00000000 0.00000000 0.00000000 0.00104381    0    0    0     0


[[1]][[7]]
[[1]][[7]]$partition
[[1]][[7]]$partition$a
[1] "crocodylus_porosus"

[[1]][[7]]$partition$b
[1] "anolis_carolinensis"        "homo_sapiens"               "pantherophis_guttata"       "zebra_finch"                "gallus_gallus"             
[6] "alligator_mississippiensis" "chrysemys_picta"            "pelomedusa_subrufa"         "sphenodon_tuatara"         


[[1]][[7]]$isolation_index
[1] 0.000442625

[[1]][[7]]$matrix
             [,1]        [,2]        [,3]        [,4]        [,5]        [,6]        [,7] [,8] [,9] [,10]
 [1,] 0.000000000 0.000000000 0.000000000 0.000000000 0.000000000 0.000000000 0.000000000    0    0     0
 [2,] 0.000000000 0.000000000 0.000000000 0.000000000 0.000000000 0.000000000 0.000000000    0    0     0
 [3,] 0.000000000 0.000000000 0.000000000 0.000000000 0.000000000 0.000000000 0.000000000    0    0     0
 [4,] 0.000000000 0.000000000 0.000000000 0.000000000 0.000000000 0.000000000 0.000000000    0    0     0
 [5,] 0.000000000 0.000000000 0.000000000 0.000000000 0.000000000 0.000000000 0.000000000    0    0     0
 [6,] 0.000000000 0.000000000 0.000000000 0.000000000 0.000000000 0.000000000 0.000000000    0    0     0
 [7,] 0.000442625 0.000442625 0.000442625 0.000442625 0.000442625 0.000442625 0.000000000    0    0     0
 [8,] 0.000000000 0.000000000 0.000000000 0.000000000 0.000000000 0.000000000 0.000442625    0    0     0
 [9,] 0.000000000 0.000000000 0.000000000 0.000000000 0.000000000 0.000000000 0.000442625    0    0     0
[10,] 0.000000000 0.000000000 0.000000000 0.000000000 0.000000000 0.000000000 0.000442625    0    0     0


[[1]][[8]]
[[1]][[8]]$partition
[[1]][[8]]$partition$a
[1] "chrysemys_picta"

[[1]][[8]]$partition$b
[1] "anolis_carolinensis"        "homo_sapiens"               "pantherophis_guttata"       "zebra_finch"                "gallus_gallus"             
[6] "alligator_mississippiensis" "crocodylus_porosus"         "pelomedusa_subrufa"         "sphenodon_tuatara"         


[[1]][[8]]$isolation_index
[1] 0.003341105

[[1]][[8]]$matrix
             [,1]        [,2]        [,3]        [,4]        [,5]        [,6]        [,7]        [,8] [,9] [,10]
 [1,] 0.000000000 0.000000000 0.000000000 0.000000000 0.000000000 0.000000000 0.000000000 0.000000000    0     0
 [2,] 0.000000000 0.000000000 0.000000000 0.000000000 0.000000000 0.000000000 0.000000000 0.000000000    0     0
 [3,] 0.000000000 0.000000000 0.000000000 0.000000000 0.000000000 0.000000000 0.000000000 0.000000000    0     0
 [4,] 0.000000000 0.000000000 0.000000000 0.000000000 0.000000000 0.000000000 0.000000000 0.000000000    0     0
 [5,] 0.000000000 0.000000000 0.000000000 0.000000000 0.000000000 0.000000000 0.000000000 0.000000000    0     0
 [6,] 0.000000000 0.000000000 0.000000000 0.000000000 0.000000000 0.000000000 0.000000000 0.000000000    0     0
 [7,] 0.000000000 0.000000000 0.000000000 0.000000000 0.000000000 0.000000000 0.000000000 0.000000000    0     0
 [8,] 0.003341105 0.003341105 0.003341105 0.003341105 0.003341105 0.003341105 0.003341105 0.000000000    0     0
 [9,] 0.000000000 0.000000000 0.000000000 0.000000000 0.000000000 0.000000000 0.000000000 0.003341105    0     0
[10,] 0.000000000 0.000000000 0.000000000 0.000000000 0.000000000 0.000000000 0.000000000 0.003341105    0     0


[[1]][[9]]
[[1]][[9]]$partition
[[1]][[9]]$partition$a
[1] "pelomedusa_subrufa"

[[1]][[9]]$partition$b
[1] "anolis_carolinensis"        "homo_sapiens"               "pantherophis_guttata"       "zebra_finch"                "gallus_gallus"             
[6] "alligator_mississippiensis" "crocodylus_porosus"         "chrysemys_picta"            "sphenodon_tuatara"         


[[1]][[9]]$isolation_index
[1] 0.002397135

[[1]][[9]]$matrix
             [,1]        [,2]        [,3]        [,4]        [,5]        [,6]        [,7]        [,8]        [,9] [,10]
 [1,] 0.000000000 0.000000000 0.000000000 0.000000000 0.000000000 0.000000000 0.000000000 0.000000000 0.000000000     0
 [2,] 0.000000000 0.000000000 0.000000000 0.000000000 0.000000000 0.000000000 0.000000000 0.000000000 0.000000000     0
 [3,] 0.000000000 0.000000000 0.000000000 0.000000000 0.000000000 0.000000000 0.000000000 0.000000000 0.000000000     0
 [4,] 0.000000000 0.000000000 0.000000000 0.000000000 0.000000000 0.000000000 0.000000000 0.000000000 0.000000000     0
 [5,] 0.000000000 0.000000000 0.000000000 0.000000000 0.000000000 0.000000000 0.000000000 0.000000000 0.000000000     0
 [6,] 0.000000000 0.000000000 0.000000000 0.000000000 0.000000000 0.000000000 0.000000000 0.000000000 0.000000000     0
 [7,] 0.000000000 0.000000000 0.000000000 0.000000000 0.000000000 0.000000000 0.000000000 0.000000000 0.000000000     0
 [8,] 0.000000000 0.000000000 0.000000000 0.000000000 0.000000000 0.000000000 0.000000000 0.000000000 0.000000000     0
 [9,] 0.002397135 0.002397135 0.002397135 0.002397135 0.002397135 0.002397135 0.002397135 0.002397135 0.000000000     0
[10,] 0.000000000 0.000000000 0.000000000 0.000000000 0.000000000 0.000000000 0.000000000 0.000000000 0.002397135     0


[[1]][[10]]
[[1]][[10]]$partition
[[1]][[10]]$partition$a
[1] "sphenodon_tuatara"

[[1]][[10]]$partition$b
[1] "anolis_carolinensis"        "homo_sapiens"               "pantherophis_guttata"       "zebra_finch"                "gallus_gallus"             
[6] "alligator_mississippiensis" "crocodylus_porosus"         "chrysemys_picta"            "pelomedusa_subrufa"        


[[1]][[10]]$isolation_index
[1] 0.002541715

[[1]][[10]]$matrix
             [,1]        [,2]        [,3]        [,4]        [,5]        [,6]        [,7]        [,8]        [,9] [,10]
 [1,] 0.000000000 0.000000000 0.000000000 0.000000000 0.000000000 0.000000000 0.000000000 0.000000000 0.000000000     0
 [2,] 0.000000000 0.000000000 0.000000000 0.000000000 0.000000000 0.000000000 0.000000000 0.000000000 0.000000000     0
 [3,] 0.000000000 0.000000000 0.000000000 0.000000000 0.000000000 0.000000000 0.000000000 0.000000000 0.000000000     0
 [4,] 0.000000000 0.000000000 0.000000000 0.000000000 0.000000000 0.000000000 0.000000000 0.000000000 0.000000000     0
 [5,] 0.000000000 0.000000000 0.000000000 0.000000000 0.000000000 0.000000000 0.000000000 0.000000000 0.000000000     0
 [6,] 0.000000000 0.000000000 0.000000000 0.000000000 0.000000000 0.000000000 0.000000000 0.000000000 0.000000000     0
 [7,] 0.000000000 0.000000000 0.000000000 0.000000000 0.000000000 0.000000000 0.000000000 0.000000000 0.000000000     0
 [8,] 0.000000000 0.000000000 0.000000000 0.000000000 0.000000000 0.000000000 0.000000000 0.000000000 0.000000000     0
 [9,] 0.000000000 0.000000000 0.000000000 0.000000000 0.000000000 0.000000000 0.000000000 0.000000000 0.000000000     0
[10,] 0.002541715 0.002541715 0.002541715 0.002541715 0.002541715 0.002541715 0.002541715 0.002541715 0.002541715     0


[[1]][[11]]
[[1]][[11]]$partition
[[1]][[11]]$partition$a
[1] "anolis_carolinensis"  "pantherophis_guttata"

[[1]][[11]]$partition$b
[1] "homo_sapiens"               "zebra_finch"                "gallus_gallus"              "alligator_mississippiensis" "crocodylus_porosus"        
[6] "chrysemys_picta"            "pelomedusa_subrufa"         "sphenodon_tuatara"         


[[1]][[11]]$isolation_index
[1] 0.007985995

[[1]][[11]]$matrix
             [,1]        [,2]        [,3] [,4] [,5] [,6] [,7] [,8] [,9] [,10]
 [1,] 0.000000000 0.000000000 0.000000000    0    0    0    0    0    0     0
 [2,] 0.007985995 0.000000000 0.000000000    0    0    0    0    0    0     0
 [3,] 0.000000000 0.007985995 0.000000000    0    0    0    0    0    0     0
 [4,] 0.007985995 0.000000000 0.007985995    0    0    0    0    0    0     0
 [5,] 0.007985995 0.000000000 0.007985995    0    0    0    0    0    0     0
 [6,] 0.007985995 0.000000000 0.007985995    0    0    0    0    0    0     0
 [7,] 0.007985995 0.000000000 0.007985995    0    0    0    0    0    0     0
 [8,] 0.007985995 0.000000000 0.007985995    0    0    0    0    0    0     0
 [9,] 0.007985995 0.000000000 0.007985995    0    0    0    0    0    0     0
[10,] 0.007985995 0.000000000 0.007985995    0    0    0    0    0    0     0


[[1]][[12]]
[[1]][[12]]$partition
[[1]][[12]]$partition$a
[1] "homo_sapiens"      "sphenodon_tuatara"

[[1]][[12]]$partition$b
[1] "anolis_carolinensis"        "pantherophis_guttata"       "zebra_finch"                "gallus_gallus"              "alligator_mississippiensis"
[6] "crocodylus_porosus"         "chrysemys_picta"            "pelomedusa_subrufa"        


[[1]][[12]]$isolation_index
[1] 3.262e-05

[[1]][[12]]$matrix
           [,1]      [,2]      [,3]      [,4]      [,5]      [,6]      [,7]      [,8]      [,9] [,10]
 [1,] 0.000e+00 0.000e+00 0.000e+00 0.000e+00 0.000e+00 0.000e+00 0.000e+00 0.000e+00 0.000e+00     0
 [2,] 3.262e-05 0.000e+00 0.000e+00 0.000e+00 0.000e+00 0.000e+00 0.000e+00 0.000e+00 0.000e+00     0
 [3,] 0.000e+00 3.262e-05 0.000e+00 0.000e+00 0.000e+00 0.000e+00 0.000e+00 0.000e+00 0.000e+00     0
 [4,] 0.000e+00 3.262e-05 0.000e+00 0.000e+00 0.000e+00 0.000e+00 0.000e+00 0.000e+00 0.000e+00     0
 [5,] 0.000e+00 3.262e-05 0.000e+00 0.000e+00 0.000e+00 0.000e+00 0.000e+00 0.000e+00 0.000e+00     0
 [6,] 0.000e+00 3.262e-05 0.000e+00 0.000e+00 0.000e+00 0.000e+00 0.000e+00 0.000e+00 0.000e+00     0
 [7,] 0.000e+00 3.262e-05 0.000e+00 0.000e+00 0.000e+00 0.000e+00 0.000e+00 0.000e+00 0.000e+00     0
 [8,] 0.000e+00 3.262e-05 0.000e+00 0.000e+00 0.000e+00 0.000e+00 0.000e+00 0.000e+00 0.000e+00     0
 [9,] 0.000e+00 3.262e-05 0.000e+00 0.000e+00 0.000e+00 0.000e+00 0.000e+00 0.000e+00 0.000e+00     0
[10,] 3.262e-05 0.000e+00 3.262e-05 3.262e-05 3.262e-05 3.262e-05 3.262e-05 3.262e-05 3.262e-05     0


[[1]][[13]]
[[1]][[13]]$partition
[[1]][[13]]$partition$a
[1] "pantherophis_guttata" "pelomedusa_subrufa"  

[[1]][[13]]$partition$b
[1] "anolis_carolinensis"        "homo_sapiens"               "zebra_finch"                "gallus_gallus"              "alligator_mississippiensis"
[6] "crocodylus_porosus"         "chrysemys_picta"            "sphenodon_tuatara"         


[[1]][[13]]$isolation_index
[1] 9.182e-05

[[1]][[13]]$matrix
           [,1]      [,2]      [,3]      [,4]      [,5]      [,6]      [,7]      [,8]      [,9] [,10]
 [1,] 0.000e+00 0.000e+00 0.000e+00 0.000e+00 0.000e+00 0.000e+00 0.000e+00 0.000e+00 0.000e+00     0
 [2,] 0.000e+00 0.000e+00 0.000e+00 0.000e+00 0.000e+00 0.000e+00 0.000e+00 0.000e+00 0.000e+00     0
 [3,] 9.182e-05 9.182e-05 0.000e+00 0.000e+00 0.000e+00 0.000e+00 0.000e+00 0.000e+00 0.000e+00     0
 [4,] 0.000e+00 0.000e+00 9.182e-05 0.000e+00 0.000e+00 0.000e+00 0.000e+00 0.000e+00 0.000e+00     0
 [5,] 0.000e+00 0.000e+00 9.182e-05 0.000e+00 0.000e+00 0.000e+00 0.000e+00 0.000e+00 0.000e+00     0
 [6,] 0.000e+00 0.000e+00 9.182e-05 0.000e+00 0.000e+00 0.000e+00 0.000e+00 0.000e+00 0.000e+00     0
 [7,] 0.000e+00 0.000e+00 9.182e-05 0.000e+00 0.000e+00 0.000e+00 0.000e+00 0.000e+00 0.000e+00     0
 [8,] 0.000e+00 0.000e+00 9.182e-05 0.000e+00 0.000e+00 0.000e+00 0.000e+00 0.000e+00 0.000e+00     0
 [9,] 9.182e-05 9.182e-05 0.000e+00 9.182e-05 9.182e-05 9.182e-05 9.182e-05 9.182e-05 0.000e+00     0
[10,] 0.000e+00 0.000e+00 9.182e-05 0.000e+00 0.000e+00 0.000e+00 0.000e+00 0.000e+00 9.182e-05     0


[[1]][[14]]
[[1]][[14]]$partition
[[1]][[14]]$partition$a
[1] "zebra_finch"   "gallus_gallus"

[[1]][[14]]$partition$b
[1] "anolis_carolinensis"        "homo_sapiens"               "pantherophis_guttata"       "alligator_mississippiensis" "crocodylus_porosus"        
[6] "chrysemys_picta"            "pelomedusa_subrufa"         "sphenodon_tuatara"         


[[1]][[14]]$isolation_index
[1] 0.003157135

[[1]][[14]]$matrix
             [,1]        [,2]        [,3]        [,4]        [,5] [,6] [,7] [,8] [,9] [,10]
 [1,] 0.000000000 0.000000000 0.000000000 0.000000000 0.000000000    0    0    0    0     0
 [2,] 0.000000000 0.000000000 0.000000000 0.000000000 0.000000000    0    0    0    0     0
 [3,] 0.000000000 0.000000000 0.000000000 0.000000000 0.000000000    0    0    0    0     0
 [4,] 0.003157135 0.003157135 0.003157135 0.000000000 0.000000000    0    0    0    0     0
 [5,] 0.003157135 0.003157135 0.003157135 0.000000000 0.000000000    0    0    0    0     0
 [6,] 0.000000000 0.000000000 0.000000000 0.003157135 0.003157135    0    0    0    0     0
 [7,] 0.000000000 0.000000000 0.000000000 0.003157135 0.003157135    0    0    0    0     0
 [8,] 0.000000000 0.000000000 0.000000000 0.003157135 0.003157135    0    0    0    0     0
 [9,] 0.000000000 0.000000000 0.000000000 0.003157135 0.003157135    0    0    0    0     0
[10,] 0.000000000 0.000000000 0.000000000 0.003157135 0.003157135    0    0    0    0     0


[[1]][[15]]
[[1]][[15]]$partition
[[1]][[15]]$partition$a
[1] "alligator_mississippiensis" "crocodylus_porosus"        

[[1]][[15]]$partition$b
[1] "anolis_carolinensis"  "homo_sapiens"         "pantherophis_guttata" "zebra_finch"          "gallus_gallus"        "chrysemys_picta"      "pelomedusa_subrufa"  
[8] "sphenodon_tuatara"   


[[1]][[15]]$isolation_index
[1] 0.00344522

[[1]][[15]]$matrix
            [,1]       [,2]       [,3]       [,4]       [,5]       [,6]       [,7] [,8] [,9] [,10]
 [1,] 0.00000000 0.00000000 0.00000000 0.00000000 0.00000000 0.00000000 0.00000000    0    0     0
 [2,] 0.00000000 0.00000000 0.00000000 0.00000000 0.00000000 0.00000000 0.00000000    0    0     0
 [3,] 0.00000000 0.00000000 0.00000000 0.00000000 0.00000000 0.00000000 0.00000000    0    0     0
 [4,] 0.00000000 0.00000000 0.00000000 0.00000000 0.00000000 0.00000000 0.00000000    0    0     0
 [5,] 0.00000000 0.00000000 0.00000000 0.00000000 0.00000000 0.00000000 0.00000000    0    0     0
 [6,] 0.00344522 0.00344522 0.00344522 0.00344522 0.00344522 0.00000000 0.00000000    0    0     0
 [7,] 0.00344522 0.00344522 0.00344522 0.00344522 0.00344522 0.00000000 0.00000000    0    0     0
 [8,] 0.00000000 0.00000000 0.00000000 0.00000000 0.00000000 0.00344522 0.00344522    0    0     0
 [9,] 0.00000000 0.00000000 0.00000000 0.00000000 0.00000000 0.00344522 0.00344522    0    0     0
[10,] 0.00000000 0.00000000 0.00000000 0.00000000 0.00000000 0.00344522 0.00344522    0    0     0


[[1]][[16]]
[[1]][[16]]$partition
[[1]][[16]]$partition$a
[1] "chrysemys_picta"    "pelomedusa_subrufa"

[[1]][[16]]$partition$b
[1] "anolis_carolinensis"        "homo_sapiens"               "pantherophis_guttata"       "zebra_finch"                "gallus_gallus"             
[6] "alligator_mississippiensis" "crocodylus_porosus"         "sphenodon_tuatara"         


[[1]][[16]]$isolation_index
[1] 0.001904045

[[1]][[16]]$matrix
             [,1]        [,2]        [,3]        [,4]        [,5]        [,6]        [,7]        [,8]        [,9] [,10]
 [1,] 0.000000000 0.000000000 0.000000000 0.000000000 0.000000000 0.000000000 0.000000000 0.000000000 0.000000000     0
 [2,] 0.000000000 0.000000000 0.000000000 0.000000000 0.000000000 0.000000000 0.000000000 0.000000000 0.000000000     0
 [3,] 0.000000000 0.000000000 0.000000000 0.000000000 0.000000000 0.000000000 0.000000000 0.000000000 0.000000000     0
 [4,] 0.000000000 0.000000000 0.000000000 0.000000000 0.000000000 0.000000000 0.000000000 0.000000000 0.000000000     0
 [5,] 0.000000000 0.000000000 0.000000000 0.000000000 0.000000000 0.000000000 0.000000000 0.000000000 0.000000000     0
 [6,] 0.000000000 0.000000000 0.000000000 0.000000000 0.000000000 0.000000000 0.000000000 0.000000000 0.000000000     0
 [7,] 0.000000000 0.000000000 0.000000000 0.000000000 0.000000000 0.000000000 0.000000000 0.000000000 0.000000000     0
 [8,] 0.001904045 0.001904045 0.001904045 0.001904045 0.001904045 0.001904045 0.001904045 0.000000000 0.000000000     0
 [9,] 0.001904045 0.001904045 0.001904045 0.001904045 0.001904045 0.001904045 0.001904045 0.000000000 0.000000000     0
[10,] 0.000000000 0.000000000 0.000000000 0.000000000 0.000000000 0.000000000 0.000000000 0.001904045 0.001904045     0


[[1]][[17]]
[[1]][[17]]$partition
[[1]][[17]]$partition$a
[1] "anolis_carolinensis"  "pantherophis_guttata" "pelomedusa_subrufa"  

[[1]][[17]]$partition$b
[1] "homo_sapiens"               "zebra_finch"                "gallus_gallus"              "alligator_mississippiensis" "crocodylus_porosus"        
[6] "chrysemys_picta"            "sphenodon_tuatara"         


[[1]][[17]]$isolation_index
[1] 0.000209385

[[1]][[17]]$matrix
             [,1]        [,2]        [,3]        [,4]        [,5]        [,6]        [,7]        [,8]        [,9] [,10]
 [1,] 0.000000000 0.000000000 0.000000000 0.000000000 0.000000000 0.000000000 0.000000000 0.000000000 0.000000000     0
 [2,] 0.000209385 0.000000000 0.000000000 0.000000000 0.000000000 0.000000000 0.000000000 0.000000000 0.000000000     0
 [3,] 0.000000000 0.000209385 0.000000000 0.000000000 0.000000000 0.000000000 0.000000000 0.000000000 0.000000000     0
 [4,] 0.000209385 0.000000000 0.000209385 0.000000000 0.000000000 0.000000000 0.000000000 0.000000000 0.000000000     0
 [5,] 0.000209385 0.000000000 0.000209385 0.000000000 0.000000000 0.000000000 0.000000000 0.000000000 0.000000000     0
 [6,] 0.000209385 0.000000000 0.000209385 0.000000000 0.000000000 0.000000000 0.000000000 0.000000000 0.000000000     0
 [7,] 0.000209385 0.000000000 0.000209385 0.000000000 0.000000000 0.000000000 0.000000000 0.000000000 0.000000000     0
 [8,] 0.000209385 0.000000000 0.000209385 0.000000000 0.000000000 0.000000000 0.000000000 0.000000000 0.000000000     0
 [9,] 0.000000000 0.000209385 0.000000000 0.000209385 0.000209385 0.000209385 0.000209385 0.000209385 0.000000000     0
[10,] 0.000209385 0.000000000 0.000209385 0.000000000 0.000000000 0.000000000 0.000000000 0.000000000 0.000209385     0


[[1]][[18]]
[[1]][[18]]$partition
[[1]][[18]]$partition$a
[1] "anolis_carolinensis"  "pantherophis_guttata" "sphenodon_tuatara"   

[[1]][[18]]$partition$b
[1] "homo_sapiens"               "zebra_finch"                "gallus_gallus"              "alligator_mississippiensis" "crocodylus_porosus"        
[6] "chrysemys_picta"            "pelomedusa_subrufa"        


[[1]][[18]]$isolation_index
[1] 0.00112767

[[1]][[18]]$matrix
            [,1]       [,2]       [,3]       [,4]       [,5]       [,6]       [,7]       [,8]       [,9] [,10]
 [1,] 0.00000000 0.00000000 0.00000000 0.00000000 0.00000000 0.00000000 0.00000000 0.00000000 0.00000000     0
 [2,] 0.00112767 0.00000000 0.00000000 0.00000000 0.00000000 0.00000000 0.00000000 0.00000000 0.00000000     0
 [3,] 0.00000000 0.00112767 0.00000000 0.00000000 0.00000000 0.00000000 0.00000000 0.00000000 0.00000000     0
 [4,] 0.00112767 0.00000000 0.00112767 0.00000000 0.00000000 0.00000000 0.00000000 0.00000000 0.00000000     0
 [5,] 0.00112767 0.00000000 0.00112767 0.00000000 0.00000000 0.00000000 0.00000000 0.00000000 0.00000000     0
 [6,] 0.00112767 0.00000000 0.00112767 0.00000000 0.00000000 0.00000000 0.00000000 0.00000000 0.00000000     0
 [7,] 0.00112767 0.00000000 0.00112767 0.00000000 0.00000000 0.00000000 0.00000000 0.00000000 0.00000000     0
 [8,] 0.00112767 0.00000000 0.00112767 0.00000000 0.00000000 0.00000000 0.00000000 0.00000000 0.00000000     0
 [9,] 0.00112767 0.00000000 0.00112767 0.00000000 0.00000000 0.00000000 0.00000000 0.00000000 0.00000000     0
[10,] 0.00000000 0.00112767 0.00000000 0.00112767 0.00112767 0.00112767 0.00112767 0.00112767 0.00112767     0



[[2]]
            [,1]       [,2]       [,3]       [,4]       [,5]        [,6]        [,7]        [,8]       [,9] [,10]
 [1,] 0.00000000 0.00000000 0.00000000 0.00000000 0.00000000 0.000000000 0.000000000 0.000000000 0.00000000     0
 [2,] 0.04039894 0.00000000 0.00000000 0.00000000 0.00000000 0.000000000 0.000000000 0.000000000 0.00000000     0
 [3,] 0.03110306 0.05181922 0.00000000 0.00000000 0.00000000 0.000000000 0.000000000 0.000000000 0.00000000     0
 [4,] 0.02899748 0.03106755 0.04041776 0.00000000 0.00000000 0.000000000 0.000000000 0.000000000 0.00000000     0
 [5,] 0.02796141 0.03003148 0.03938169 0.01231574 0.00000000 0.000000000 0.000000000 0.000000000 0.00000000     0
 [6,] 0.02365347 0.02572353 0.03507375 0.01432208 0.01328600 0.000000000 0.000000000 0.000000000 0.00000000     0
 [7,] 0.02305228 0.02512235 0.03447256 0.01372089 0.01268482 0.001486435 0.000000000 0.000000000 0.00000000     0
 [8,] 0.02440959 0.02647966 0.03582987 0.01507820 0.01404212 0.009734180 0.009132995 0.000000000 0.00000000     0
 [9,] 0.02334805 0.02583689 0.03458469 0.01443543 0.01339935 0.009091415 0.008490230 0.006039445 0.00000000     0
[10,] 0.02061110 0.02487127 0.03203138 0.01353505 0.01249898 0.008191035 0.007589850 0.008947155 0.00830439     0

