[[1]]
[[1]][[1]]
[[1]][[1]]$partition
[[1]][[1]]$partition$a
[1] "callisaurus_draconoides"

[[1]][[1]]$partition$b
 [1] "cophosaurus_texanus"     "gambelia_wislizenii"     "holbrookia_maculata"     "liolaemus_darwinii"      "petrosaurus_thalassinus" "phrynosoma_sherbrookei" 
 [7] "sceloporus_occidentalis" "uma_notata"              "urosaurus_ornatus"       "uta_stansburiana"       


[[1]][[1]]$isolation_index
[1] 0.002418945

[[1]][[1]]$matrix
             [,1] [,2] [,3] [,4] [,5] [,6] [,7] [,8] [,9] [,10] [,11]
 [1,] 0.000000000    0    0    0    0    0    0    0    0     0     0
 [2,] 0.002418945    0    0    0    0    0    0    0    0     0     0
 [3,] 0.002418945    0    0    0    0    0    0    0    0     0     0
 [4,] 0.002418945    0    0    0    0    0    0    0    0     0     0
 [5,] 0.002418945    0    0    0    0    0    0    0    0     0     0
 [6,] 0.002418945    0    0    0    0    0    0    0    0     0     0
 [7,] 0.002418945    0    0    0    0    0    0    0    0     0     0
 [8,] 0.002418945    0    0    0    0    0    0    0    0     0     0
 [9,] 0.002418945    0    0    0    0    0    0    0    0     0     0
[10,] 0.002418945    0    0    0    0    0    0    0    0     0     0
[11,] 0.002418945    0    0    0    0    0    0    0    0     0     0


[[1]][[2]]
[[1]][[2]]$partition
[[1]][[2]]$partition$a
[1] "cophosaurus_texanus"

[[1]][[2]]$partition$b
 [1] "callisaurus_draconoides" "gambelia_wislizenii"     "holbrookia_maculata"     "liolaemus_darwinii"      "petrosaurus_thalassinus" "phrynosoma_sherbrookei" 
 [7] "sceloporus_occidentalis" "uma_notata"              "urosaurus_ornatus"       "uta_stansburiana"       


[[1]][[2]]$isolation_index
[1] 0.00216825

[[1]][[2]]$matrix
            [,1]       [,2] [,3] [,4] [,5] [,6] [,7] [,8] [,9] [,10] [,11]
 [1,] 0.00000000 0.00000000    0    0    0    0    0    0    0     0     0
 [2,] 0.00216825 0.00000000    0    0    0    0    0    0    0     0     0
 [3,] 0.00000000 0.00216825    0    0    0    0    0    0    0     0     0
 [4,] 0.00000000 0.00216825    0    0    0    0    0    0    0     0     0
 [5,] 0.00000000 0.00216825    0    0    0    0    0    0    0     0     0
 [6,] 0.00000000 0.00216825    0    0    0    0    0    0    0     0     0
 [7,] 0.00000000 0.00216825    0    0    0    0    0    0    0     0     0
 [8,] 0.00000000 0.00216825    0    0    0    0    0    0    0     0     0
 [9,] 0.00000000 0.00216825    0    0    0    0    0    0    0     0     0
[10,] 0.00000000 0.00216825    0    0    0    0    0    0    0     0     0
[11,] 0.00000000 0.00216825    0    0    0    0    0    0    0     0     0


[[1]][[3]]
[[1]][[3]]$partition
[[1]][[3]]$partition$a
[1] "gambelia_wislizenii"

[[1]][[3]]$partition$b
 [1] "callisaurus_draconoides" "cophosaurus_texanus"     "holbrookia_maculata"     "liolaemus_darwinii"      "petrosaurus_thalassinus" "phrynosoma_sherbrookei" 
 [7] "sceloporus_occidentalis" "uma_notata"              "urosaurus_ornatus"       "uta_stansburiana"       


[[1]][[3]]$isolation_index
[1] 0.009219405

[[1]][[3]]$matrix
             [,1]        [,2]        [,3] [,4] [,5] [,6] [,7] [,8] [,9] [,10] [,11]
 [1,] 0.000000000 0.000000000 0.000000000    0    0    0    0    0    0     0     0
 [2,] 0.000000000 0.000000000 0.000000000    0    0    0    0    0    0     0     0
 [3,] 0.009219405 0.009219405 0.000000000    0    0    0    0    0    0     0     0
 [4,] 0.000000000 0.000000000 0.009219405    0    0    0    0    0    0     0     0
 [5,] 0.000000000 0.000000000 0.009219405    0    0    0    0    0    0     0     0
 [6,] 0.000000000 0.000000000 0.009219405    0    0    0    0    0    0     0     0
 [7,] 0.000000000 0.000000000 0.009219405    0    0    0    0    0    0     0     0
 [8,] 0.000000000 0.000000000 0.009219405    0    0    0    0    0    0     0     0
 [9,] 0.000000000 0.000000000 0.009219405    0    0    0    0    0    0     0     0
[10,] 0.000000000 0.000000000 0.009219405    0    0    0    0    0    0     0     0
[11,] 0.000000000 0.000000000 0.009219405    0    0    0    0    0    0     0     0


[[1]][[4]]
[[1]][[4]]$partition
[[1]][[4]]$partition$a
[1] "holbrookia_maculata"

[[1]][[4]]$partition$b
 [1] "callisaurus_draconoides" "cophosaurus_texanus"     "gambelia_wislizenii"     "liolaemus_darwinii"      "petrosaurus_thalassinus" "phrynosoma_sherbrookei" 
 [7] "sceloporus_occidentalis" "uma_notata"              "urosaurus_ornatus"       "uta_stansburiana"       


[[1]][[4]]$isolation_index
[1] 0.00239321

[[1]][[4]]$matrix
            [,1]       [,2]       [,3]       [,4] [,5] [,6] [,7] [,8] [,9] [,10] [,11]
 [1,] 0.00000000 0.00000000 0.00000000 0.00000000    0    0    0    0    0     0     0
 [2,] 0.00000000 0.00000000 0.00000000 0.00000000    0    0    0    0    0     0     0
 [3,] 0.00000000 0.00000000 0.00000000 0.00000000    0    0    0    0    0     0     0
 [4,] 0.00239321 0.00239321 0.00239321 0.00000000    0    0    0    0    0     0     0
 [5,] 0.00000000 0.00000000 0.00000000 0.00239321    0    0    0    0    0     0     0
 [6,] 0.00000000 0.00000000 0.00000000 0.00239321    0    0    0    0    0     0     0
 [7,] 0.00000000 0.00000000 0.00000000 0.00239321    0    0    0    0    0     0     0
 [8,] 0.00000000 0.00000000 0.00000000 0.00239321    0    0    0    0    0     0     0
 [9,] 0.00000000 0.00000000 0.00000000 0.00239321    0    0    0    0    0     0     0
[10,] 0.00000000 0.00000000 0.00000000 0.00239321    0    0    0    0    0     0     0
[11,] 0.00000000 0.00000000 0.00000000 0.00239321    0    0    0    0    0     0     0


[[1]][[5]]
[[1]][[5]]$partition
[[1]][[5]]$partition$a
[1] "liolaemus_darwinii"

[[1]][[5]]$partition$b
 [1] "callisaurus_draconoides" "cophosaurus_texanus"     "gambelia_wislizenii"     "holbrookia_maculata"     "petrosaurus_thalassinus" "phrynosoma_sherbrookei" 
 [7] "sceloporus_occidentalis" "uma_notata"              "urosaurus_ornatus"       "uta_stansburiana"       


[[1]][[5]]$isolation_index
[1] 0.01432032

[[1]][[5]]$matrix
            [,1]       [,2]       [,3]       [,4]       [,5] [,6] [,7] [,8] [,9] [,10] [,11]
 [1,] 0.00000000 0.00000000 0.00000000 0.00000000 0.00000000    0    0    0    0     0     0
 [2,] 0.00000000 0.00000000 0.00000000 0.00000000 0.00000000    0    0    0    0     0     0
 [3,] 0.00000000 0.00000000 0.00000000 0.00000000 0.00000000    0    0    0    0     0     0
 [4,] 0.00000000 0.00000000 0.00000000 0.00000000 0.00000000    0    0    0    0     0     0
 [5,] 0.01432032 0.01432032 0.01432032 0.01432032 0.00000000    0    0    0    0     0     0
 [6,] 0.00000000 0.00000000 0.00000000 0.00000000 0.01432032    0    0    0    0     0     0
 [7,] 0.00000000 0.00000000 0.00000000 0.00000000 0.01432032    0    0    0    0     0     0
 [8,] 0.00000000 0.00000000 0.00000000 0.00000000 0.01432032    0    0    0    0     0     0
 [9,] 0.00000000 0.00000000 0.00000000 0.00000000 0.01432032    0    0    0    0     0     0
[10,] 0.00000000 0.00000000 0.00000000 0.00000000 0.01432032    0    0    0    0     0     0
[11,] 0.00000000 0.00000000 0.00000000 0.00000000 0.01432032    0    0    0    0     0     0


[[1]][[6]]
[[1]][[6]]$partition
[[1]][[6]]$partition$a
[1] "petrosaurus_thalassinus"

[[1]][[6]]$partition$b
 [1] "callisaurus_draconoides" "cophosaurus_texanus"     "gambelia_wislizenii"     "holbrookia_maculata"     "liolaemus_darwinii"      "phrynosoma_sherbrookei" 
 [7] "sceloporus_occidentalis" "uma_notata"              "urosaurus_ornatus"       "uta_stansburiana"       


[[1]][[6]]$isolation_index
[1] 0.002209605

[[1]][[6]]$matrix
             [,1]        [,2]        [,3]        [,4]        [,5]        [,6] [,7] [,8] [,9] [,10] [,11]
 [1,] 0.000000000 0.000000000 0.000000000 0.000000000 0.000000000 0.000000000    0    0    0     0     0
 [2,] 0.000000000 0.000000000 0.000000000 0.000000000 0.000000000 0.000000000    0    0    0     0     0
 [3,] 0.000000000 0.000000000 0.000000000 0.000000000 0.000000000 0.000000000    0    0    0     0     0
 [4,] 0.000000000 0.000000000 0.000000000 0.000000000 0.000000000 0.000000000    0    0    0     0     0
 [5,] 0.000000000 0.000000000 0.000000000 0.000000000 0.000000000 0.000000000    0    0    0     0     0
 [6,] 0.002209605 0.002209605 0.002209605 0.002209605 0.002209605 0.000000000    0    0    0     0     0
 [7,] 0.000000000 0.000000000 0.000000000 0.000000000 0.000000000 0.002209605    0    0    0     0     0
 [8,] 0.000000000 0.000000000 0.000000000 0.000000000 0.000000000 0.002209605    0    0    0     0     0
 [9,] 0.000000000 0.000000000 0.000000000 0.000000000 0.000000000 0.002209605    0    0    0     0     0
[10,] 0.000000000 0.000000000 0.000000000 0.000000000 0.000000000 0.002209605    0    0    0     0     0
[11,] 0.000000000 0.000000000 0.000000000 0.000000000 0.000000000 0.002209605    0    0    0     0     0


[[1]][[7]]
[[1]][[7]]$partition
[[1]][[7]]$partition$a
[1] "phrynosoma_sherbrookei"

[[1]][[7]]$partition$b
 [1] "callisaurus_draconoides" "cophosaurus_texanus"     "gambelia_wislizenii"     "holbrookia_maculata"     "liolaemus_darwinii"      "petrosaurus_thalassinus"
 [7] "sceloporus_occidentalis" "uma_notata"              "urosaurus_ornatus"       "uta_stansburiana"       


[[1]][[7]]$isolation_index
[1] 0.006235495

[[1]][[7]]$matrix
             [,1]        [,2]        [,3]        [,4]        [,5]        [,6]        [,7] [,8] [,9] [,10] [,11]
 [1,] 0.000000000 0.000000000 0.000000000 0.000000000 0.000000000 0.000000000 0.000000000    0    0     0     0
 [2,] 0.000000000 0.000000000 0.000000000 0.000000000 0.000000000 0.000000000 0.000000000    0    0     0     0
 [3,] 0.000000000 0.000000000 0.000000000 0.000000000 0.000000000 0.000000000 0.000000000    0    0     0     0
 [4,] 0.000000000 0.000000000 0.000000000 0.000000000 0.000000000 0.000000000 0.000000000    0    0     0     0
 [5,] 0.000000000 0.000000000 0.000000000 0.000000000 0.000000000 0.000000000 0.000000000    0    0     0     0
 [6,] 0.000000000 0.000000000 0.000000000 0.000000000 0.000000000 0.000000000 0.000000000    0    0     0     0
 [7,] 0.006235495 0.006235495 0.006235495 0.006235495 0.006235495 0.006235495 0.000000000    0    0     0     0
 [8,] 0.000000000 0.000000000 0.000000000 0.000000000 0.000000000 0.000000000 0.006235495    0    0     0     0
 [9,] 0.000000000 0.000000000 0.000000000 0.000000000 0.000000000 0.000000000 0.006235495    0    0     0     0
[10,] 0.000000000 0.000000000 0.000000000 0.000000000 0.000000000 0.000000000 0.006235495    0    0     0     0
[11,] 0.000000000 0.000000000 0.000000000 0.000000000 0.000000000 0.000000000 0.006235495    0    0     0     0


[[1]][[8]]
[[1]][[8]]$partition
[[1]][[8]]$partition$a
[1] "sceloporus_occidentalis"

[[1]][[8]]$partition$b
 [1] "callisaurus_draconoides" "cophosaurus_texanus"     "gambelia_wislizenii"     "holbrookia_maculata"     "liolaemus_darwinii"      "petrosaurus_thalassinus"
 [7] "phrynosoma_sherbrookei"  "uma_notata"              "urosaurus_ornatus"       "uta_stansburiana"       


[[1]][[8]]$isolation_index
[1] 0.00511678

[[1]][[8]]$matrix
            [,1]       [,2]       [,3]       [,4]       [,5]       [,6]       [,7]       [,8] [,9] [,10] [,11]
 [1,] 0.00000000 0.00000000 0.00000000 0.00000000 0.00000000 0.00000000 0.00000000 0.00000000    0     0     0
 [2,] 0.00000000 0.00000000 0.00000000 0.00000000 0.00000000 0.00000000 0.00000000 0.00000000    0     0     0
 [3,] 0.00000000 0.00000000 0.00000000 0.00000000 0.00000000 0.00000000 0.00000000 0.00000000    0     0     0
 [4,] 0.00000000 0.00000000 0.00000000 0.00000000 0.00000000 0.00000000 0.00000000 0.00000000    0     0     0
 [5,] 0.00000000 0.00000000 0.00000000 0.00000000 0.00000000 0.00000000 0.00000000 0.00000000    0     0     0
 [6,] 0.00000000 0.00000000 0.00000000 0.00000000 0.00000000 0.00000000 0.00000000 0.00000000    0     0     0
 [7,] 0.00000000 0.00000000 0.00000000 0.00000000 0.00000000 0.00000000 0.00000000 0.00000000    0     0     0
 [8,] 0.00511678 0.00511678 0.00511678 0.00511678 0.00511678 0.00511678 0.00511678 0.00000000    0     0     0
 [9,] 0.00000000 0.00000000 0.00000000 0.00000000 0.00000000 0.00000000 0.00000000 0.00511678    0     0     0
[10,] 0.00000000 0.00000000 0.00000000 0.00000000 0.00000000 0.00000000 0.00000000 0.00511678    0     0     0
[11,] 0.00000000 0.00000000 0.00000000 0.00000000 0.00000000 0.00000000 0.00000000 0.00511678    0     0     0


[[1]][[9]]
[[1]][[9]]$partition
[[1]][[9]]$partition$a
[1] "uma_notata"

[[1]][[9]]$partition$b
 [1] "callisaurus_draconoides" "cophosaurus_texanus"     "gambelia_wislizenii"     "holbrookia_maculata"     "liolaemus_darwinii"      "petrosaurus_thalassinus"
 [7] "phrynosoma_sherbrookei"  "sceloporus_occidentalis" "urosaurus_ornatus"       "uta_stansburiana"       


[[1]][[9]]$isolation_index
[1] 0.00331533

[[1]][[9]]$matrix
            [,1]       [,2]       [,3]       [,4]       [,5]       [,6]       [,7]       [,8]       [,9] [,10] [,11]
 [1,] 0.00000000 0.00000000 0.00000000 0.00000000 0.00000000 0.00000000 0.00000000 0.00000000 0.00000000     0     0
 [2,] 0.00000000 0.00000000 0.00000000 0.00000000 0.00000000 0.00000000 0.00000000 0.00000000 0.00000000     0     0
 [3,] 0.00000000 0.00000000 0.00000000 0.00000000 0.00000000 0.00000000 0.00000000 0.00000000 0.00000000     0     0
 [4,] 0.00000000 0.00000000 0.00000000 0.00000000 0.00000000 0.00000000 0.00000000 0.00000000 0.00000000     0     0
 [5,] 0.00000000 0.00000000 0.00000000 0.00000000 0.00000000 0.00000000 0.00000000 0.00000000 0.00000000     0     0
 [6,] 0.00000000 0.00000000 0.00000000 0.00000000 0.00000000 0.00000000 0.00000000 0.00000000 0.00000000     0     0
 [7,] 0.00000000 0.00000000 0.00000000 0.00000000 0.00000000 0.00000000 0.00000000 0.00000000 0.00000000     0     0
 [8,] 0.00000000 0.00000000 0.00000000 0.00000000 0.00000000 0.00000000 0.00000000 0.00000000 0.00000000     0     0
 [9,] 0.00331533 0.00331533 0.00331533 0.00331533 0.00331533 0.00331533 0.00331533 0.00331533 0.00000000     0     0
[10,] 0.00000000 0.00000000 0.00000000 0.00000000 0.00000000 0.00000000 0.00000000 0.00000000 0.00331533     0     0
[11,] 0.00000000 0.00000000 0.00000000 0.00000000 0.00000000 0.00000000 0.00000000 0.00000000 0.00331533     0     0


[[1]][[10]]
[[1]][[10]]$partition
[[1]][[10]]$partition$a
[1] "urosaurus_ornatus"

[[1]][[10]]$partition$b
 [1] "callisaurus_draconoides" "cophosaurus_texanus"     "gambelia_wislizenii"     "holbrookia_maculata"     "liolaemus_darwinii"      "petrosaurus_thalassinus"
 [7] "phrynosoma_sherbrookei"  "sceloporus_occidentalis" "uma_notata"              "uta_stansburiana"       


[[1]][[10]]$isolation_index
[1] 0.00567092

[[1]][[10]]$matrix
            [,1]       [,2]       [,3]       [,4]       [,5]       [,6]       [,7]       [,8]       [,9]      [,10] [,11]
 [1,] 0.00000000 0.00000000 0.00000000 0.00000000 0.00000000 0.00000000 0.00000000 0.00000000 0.00000000 0.00000000     0
 [2,] 0.00000000 0.00000000 0.00000000 0.00000000 0.00000000 0.00000000 0.00000000 0.00000000 0.00000000 0.00000000     0
 [3,] 0.00000000 0.00000000 0.00000000 0.00000000 0.00000000 0.00000000 0.00000000 0.00000000 0.00000000 0.00000000     0
 [4,] 0.00000000 0.00000000 0.00000000 0.00000000 0.00000000 0.00000000 0.00000000 0.00000000 0.00000000 0.00000000     0
 [5,] 0.00000000 0.00000000 0.00000000 0.00000000 0.00000000 0.00000000 0.00000000 0.00000000 0.00000000 0.00000000     0
 [6,] 0.00000000 0.00000000 0.00000000 0.00000000 0.00000000 0.00000000 0.00000000 0.00000000 0.00000000 0.00000000     0
 [7,] 0.00000000 0.00000000 0.00000000 0.00000000 0.00000000 0.00000000 0.00000000 0.00000000 0.00000000 0.00000000     0
 [8,] 0.00000000 0.00000000 0.00000000 0.00000000 0.00000000 0.00000000 0.00000000 0.00000000 0.00000000 0.00000000     0
 [9,] 0.00000000 0.00000000 0.00000000 0.00000000 0.00000000 0.00000000 0.00000000 0.00000000 0.00000000 0.00000000     0
[10,] 0.00567092 0.00567092 0.00567092 0.00567092 0.00567092 0.00567092 0.00567092 0.00567092 0.00567092 0.00000000     0
[11,] 0.00000000 0.00000000 0.00000000 0.00000000 0.00000000 0.00000000 0.00000000 0.00000000 0.00000000 0.00567092     0


[[1]][[11]]
[[1]][[11]]$partition
[[1]][[11]]$partition$a
[1] "uta_stansburiana"

[[1]][[11]]$partition$b
 [1] "callisaurus_draconoides" "cophosaurus_texanus"     "gambelia_wislizenii"     "holbrookia_maculata"     "liolaemus_darwinii"      "petrosaurus_thalassinus"
 [7] "phrynosoma_sherbrookei"  "sceloporus_occidentalis" "uma_notata"              "urosaurus_ornatus"      


[[1]][[11]]$isolation_index
[1] 0.004544665

[[1]][[11]]$matrix
             [,1]        [,2]        [,3]        [,4]        [,5]        [,6]        [,7]        [,8]        [,9]       [,10] [,11]
 [1,] 0.000000000 0.000000000 0.000000000 0.000000000 0.000000000 0.000000000 0.000000000 0.000000000 0.000000000 0.000000000     0
 [2,] 0.000000000 0.000000000 0.000000000 0.000000000 0.000000000 0.000000000 0.000000000 0.000000000 0.000000000 0.000000000     0
 [3,] 0.000000000 0.000000000 0.000000000 0.000000000 0.000000000 0.000000000 0.000000000 0.000000000 0.000000000 0.000000000     0
 [4,] 0.000000000 0.000000000 0.000000000 0.000000000 0.000000000 0.000000000 0.000000000 0.000000000 0.000000000 0.000000000     0
 [5,] 0.000000000 0.000000000 0.000000000 0.000000000 0.000000000 0.000000000 0.000000000 0.000000000 0.000000000 0.000000000     0
 [6,] 0.000000000 0.000000000 0.000000000 0.000000000 0.000000000 0.000000000 0.000000000 0.000000000 0.000000000 0.000000000     0
 [7,] 0.000000000 0.000000000 0.000000000 0.000000000 0.000000000 0.000000000 0.000000000 0.000000000 0.000000000 0.000000000     0
 [8,] 0.000000000 0.000000000 0.000000000 0.000000000 0.000000000 0.000000000 0.000000000 0.000000000 0.000000000 0.000000000     0
 [9,] 0.000000000 0.000000000 0.000000000 0.000000000 0.000000000 0.000000000 0.000000000 0.000000000 0.000000000 0.000000000     0
[10,] 0.000000000 0.000000000 0.000000000 0.000000000 0.000000000 0.000000000 0.000000000 0.000000000 0.000000000 0.000000000     0
[11,] 0.004544665 0.004544665 0.004544665 0.004544665 0.004544665 0.004544665 0.004544665 0.004544665 0.004544665 0.004544665     0


[[1]][[12]]
[[1]][[12]]$partition
[[1]][[12]]$partition$a
[1] "callisaurus_draconoides" "holbrookia_maculata"    

[[1]][[12]]$partition$b
[1] "cophosaurus_texanus"     "gambelia_wislizenii"     "liolaemus_darwinii"      "petrosaurus_thalassinus" "phrynosoma_sherbrookei"  "sceloporus_occidentalis"
[7] "uma_notata"              "urosaurus_ornatus"       "uta_stansburiana"       


[[1]][[12]]$isolation_index
[1] 0.00028214

[[1]][[12]]$matrix
            [,1]       [,2]       [,3]       [,4] [,5] [,6] [,7] [,8] [,9] [,10] [,11]
 [1,] 0.00000000 0.00000000 0.00000000 0.00000000    0    0    0    0    0     0     0
 [2,] 0.00028214 0.00000000 0.00000000 0.00000000    0    0    0    0    0     0     0
 [3,] 0.00028214 0.00000000 0.00000000 0.00000000    0    0    0    0    0     0     0
 [4,] 0.00000000 0.00028214 0.00028214 0.00000000    0    0    0    0    0     0     0
 [5,] 0.00028214 0.00000000 0.00000000 0.00028214    0    0    0    0    0     0     0
 [6,] 0.00028214 0.00000000 0.00000000 0.00028214    0    0    0    0    0     0     0
 [7,] 0.00028214 0.00000000 0.00000000 0.00028214    0    0    0    0    0     0     0
 [8,] 0.00028214 0.00000000 0.00000000 0.00028214    0    0    0    0    0     0     0
 [9,] 0.00028214 0.00000000 0.00000000 0.00028214    0    0    0    0    0     0     0
[10,] 0.00028214 0.00000000 0.00000000 0.00028214    0    0    0    0    0     0     0
[11,] 0.00028214 0.00000000 0.00000000 0.00028214    0    0    0    0    0     0     0


[[1]][[13]]
[[1]][[13]]$partition
[[1]][[13]]$partition$a
[1] "callisaurus_draconoides" "uma_notata"             

[[1]][[13]]$partition$b
[1] "cophosaurus_texanus"     "gambelia_wislizenii"     "holbrookia_maculata"     "liolaemus_darwinii"      "petrosaurus_thalassinus" "phrynosoma_sherbrookei" 
[7] "sceloporus_occidentalis" "urosaurus_ornatus"       "uta_stansburiana"       


[[1]][[13]]$isolation_index
[1] 3.839e-05

[[1]][[13]]$matrix
           [,1]      [,2]      [,3]      [,4]      [,5]      [,6]      [,7]      [,8]      [,9] [,10] [,11]
 [1,] 0.000e+00 0.000e+00 0.000e+00 0.000e+00 0.000e+00 0.000e+00 0.000e+00 0.000e+00 0.000e+00     0     0
 [2,] 3.839e-05 0.000e+00 0.000e+00 0.000e+00 0.000e+00 0.000e+00 0.000e+00 0.000e+00 0.000e+00     0     0
 [3,] 3.839e-05 0.000e+00 0.000e+00 0.000e+00 0.000e+00 0.000e+00 0.000e+00 0.000e+00 0.000e+00     0     0
 [4,] 3.839e-05 0.000e+00 0.000e+00 0.000e+00 0.000e+00 0.000e+00 0.000e+00 0.000e+00 0.000e+00     0     0
 [5,] 3.839e-05 0.000e+00 0.000e+00 0.000e+00 0.000e+00 0.000e+00 0.000e+00 0.000e+00 0.000e+00     0     0
 [6,] 3.839e-05 0.000e+00 0.000e+00 0.000e+00 0.000e+00 0.000e+00 0.000e+00 0.000e+00 0.000e+00     0     0
 [7,] 3.839e-05 0.000e+00 0.000e+00 0.000e+00 0.000e+00 0.000e+00 0.000e+00 0.000e+00 0.000e+00     0     0
 [8,] 3.839e-05 0.000e+00 0.000e+00 0.000e+00 0.000e+00 0.000e+00 0.000e+00 0.000e+00 0.000e+00     0     0
 [9,] 0.000e+00 3.839e-05 3.839e-05 3.839e-05 3.839e-05 3.839e-05 3.839e-05 3.839e-05 0.000e+00     0     0
[10,] 3.839e-05 0.000e+00 0.000e+00 0.000e+00 0.000e+00 0.000e+00 0.000e+00 0.000e+00 3.839e-05     0     0
[11,] 3.839e-05 0.000e+00 0.000e+00 0.000e+00 0.000e+00 0.000e+00 0.000e+00 0.000e+00 3.839e-05     0     0


[[1]][[14]]
[[1]][[14]]$partition
[[1]][[14]]$partition$a
[1] "gambelia_wislizenii" "liolaemus_darwinii" 

[[1]][[14]]$partition$b
[1] "callisaurus_draconoides" "cophosaurus_texanus"     "holbrookia_maculata"     "petrosaurus_thalassinus" "phrynosoma_sherbrookei"  "sceloporus_occidentalis"
[7] "uma_notata"              "urosaurus_ornatus"       "uta_stansburiana"       


[[1]][[14]]$isolation_index
[1] 0.005006205

[[1]][[14]]$matrix
             [,1]        [,2]        [,3]        [,4]        [,5] [,6] [,7] [,8] [,9] [,10] [,11]
 [1,] 0.000000000 0.000000000 0.000000000 0.000000000 0.000000000    0    0    0    0     0     0
 [2,] 0.000000000 0.000000000 0.000000000 0.000000000 0.000000000    0    0    0    0     0     0
 [3,] 0.005006205 0.005006205 0.000000000 0.000000000 0.000000000    0    0    0    0     0     0
 [4,] 0.000000000 0.000000000 0.005006205 0.000000000 0.000000000    0    0    0    0     0     0
 [5,] 0.005006205 0.005006205 0.000000000 0.005006205 0.000000000    0    0    0    0     0     0
 [6,] 0.000000000 0.000000000 0.005006205 0.000000000 0.005006205    0    0    0    0     0     0
 [7,] 0.000000000 0.000000000 0.005006205 0.000000000 0.005006205    0    0    0    0     0     0
 [8,] 0.000000000 0.000000000 0.005006205 0.000000000 0.005006205    0    0    0    0     0     0
 [9,] 0.000000000 0.000000000 0.005006205 0.000000000 0.005006205    0    0    0    0     0     0
[10,] 0.000000000 0.000000000 0.005006205 0.000000000 0.005006205    0    0    0    0     0     0
[11,] 0.000000000 0.000000000 0.005006205 0.000000000 0.005006205    0    0    0    0     0     0


[[1]][[15]]
[[1]][[15]]$partition
[[1]][[15]]$partition$a
[1] "liolaemus_darwinii"      "petrosaurus_thalassinus"

[[1]][[15]]$partition$b
[1] "callisaurus_draconoides" "cophosaurus_texanus"     "gambelia_wislizenii"     "holbrookia_maculata"     "phrynosoma_sherbrookei"  "sceloporus_occidentalis"
[7] "uma_notata"              "urosaurus_ornatus"       "uta_stansburiana"       


[[1]][[15]]$isolation_index
[1] 0.000281015

[[1]][[15]]$matrix
             [,1]        [,2]        [,3]        [,4]        [,5]        [,6] [,7] [,8] [,9] [,10] [,11]
 [1,] 0.000000000 0.000000000 0.000000000 0.000000000 0.000000000 0.000000000    0    0    0     0     0
 [2,] 0.000000000 0.000000000 0.000000000 0.000000000 0.000000000 0.000000000    0    0    0     0     0
 [3,] 0.000000000 0.000000000 0.000000000 0.000000000 0.000000000 0.000000000    0    0    0     0     0
 [4,] 0.000000000 0.000000000 0.000000000 0.000000000 0.000000000 0.000000000    0    0    0     0     0
 [5,] 0.000281015 0.000281015 0.000281015 0.000281015 0.000000000 0.000000000    0    0    0     0     0
 [6,] 0.000281015 0.000281015 0.000281015 0.000281015 0.000000000 0.000000000    0    0    0     0     0
 [7,] 0.000000000 0.000000000 0.000000000 0.000000000 0.000281015 0.000281015    0    0    0     0     0
 [8,] 0.000000000 0.000000000 0.000000000 0.000000000 0.000281015 0.000281015    0    0    0     0     0
 [9,] 0.000000000 0.000000000 0.000000000 0.000000000 0.000281015 0.000281015    0    0    0     0     0
[10,] 0.000000000 0.000000000 0.000000000 0.000000000 0.000281015 0.000281015    0    0    0     0     0
[11,] 0.000000000 0.000000000 0.000000000 0.000000000 0.000281015 0.000281015    0    0    0     0     0


[[1]][[16]]
[[1]][[16]]$partition
[[1]][[16]]$partition$a
[1] "sceloporus_occidentalis" "urosaurus_ornatus"      

[[1]][[16]]$partition$b
[1] "callisaurus_draconoides" "cophosaurus_texanus"     "gambelia_wislizenii"     "holbrookia_maculata"     "liolaemus_darwinii"      "petrosaurus_thalassinus"
[7] "phrynosoma_sherbrookei"  "uma_notata"              "uta_stansburiana"       


[[1]][[16]]$isolation_index
[1] 0.00027913

[[1]][[16]]$matrix
            [,1]       [,2]       [,3]       [,4]       [,5]       [,6]       [,7]       [,8]       [,9]      [,10] [,11]
 [1,] 0.00000000 0.00000000 0.00000000 0.00000000 0.00000000 0.00000000 0.00000000 0.00000000 0.00000000 0.00000000     0
 [2,] 0.00000000 0.00000000 0.00000000 0.00000000 0.00000000 0.00000000 0.00000000 0.00000000 0.00000000 0.00000000     0
 [3,] 0.00000000 0.00000000 0.00000000 0.00000000 0.00000000 0.00000000 0.00000000 0.00000000 0.00000000 0.00000000     0
 [4,] 0.00000000 0.00000000 0.00000000 0.00000000 0.00000000 0.00000000 0.00000000 0.00000000 0.00000000 0.00000000     0
 [5,] 0.00000000 0.00000000 0.00000000 0.00000000 0.00000000 0.00000000 0.00000000 0.00000000 0.00000000 0.00000000     0
 [6,] 0.00000000 0.00000000 0.00000000 0.00000000 0.00000000 0.00000000 0.00000000 0.00000000 0.00000000 0.00000000     0
 [7,] 0.00000000 0.00000000 0.00000000 0.00000000 0.00000000 0.00000000 0.00000000 0.00000000 0.00000000 0.00000000     0
 [8,] 0.00027913 0.00027913 0.00027913 0.00027913 0.00027913 0.00027913 0.00027913 0.00000000 0.00000000 0.00000000     0
 [9,] 0.00000000 0.00000000 0.00000000 0.00000000 0.00000000 0.00000000 0.00000000 0.00027913 0.00000000 0.00000000     0
[10,] 0.00027913 0.00027913 0.00027913 0.00027913 0.00027913 0.00027913 0.00027913 0.00000000 0.00027913 0.00000000     0
[11,] 0.00000000 0.00000000 0.00000000 0.00000000 0.00000000 0.00000000 0.00000000 0.00027913 0.00000000 0.00027913     0


[[1]][[17]]
[[1]][[17]]$partition
[[1]][[17]]$partition$a
[1] "urosaurus_ornatus" "uta_stansburiana" 

[[1]][[17]]$partition$b
[1] "callisaurus_draconoides" "cophosaurus_texanus"     "gambelia_wislizenii"     "holbrookia_maculata"     "liolaemus_darwinii"      "petrosaurus_thalassinus"
[7] "phrynosoma_sherbrookei"  "sceloporus_occidentalis" "uma_notata"             


[[1]][[17]]$isolation_index
[1] 1.4715e-05

[[1]][[17]]$matrix
            [,1]       [,2]       [,3]       [,4]       [,5]       [,6]       [,7]       [,8]       [,9] [,10] [,11]
 [1,] 0.0000e+00 0.0000e+00 0.0000e+00 0.0000e+00 0.0000e+00 0.0000e+00 0.0000e+00 0.0000e+00 0.0000e+00     0     0
 [2,] 0.0000e+00 0.0000e+00 0.0000e+00 0.0000e+00 0.0000e+00 0.0000e+00 0.0000e+00 0.0000e+00 0.0000e+00     0     0
 [3,] 0.0000e+00 0.0000e+00 0.0000e+00 0.0000e+00 0.0000e+00 0.0000e+00 0.0000e+00 0.0000e+00 0.0000e+00     0     0
 [4,] 0.0000e+00 0.0000e+00 0.0000e+00 0.0000e+00 0.0000e+00 0.0000e+00 0.0000e+00 0.0000e+00 0.0000e+00     0     0
 [5,] 0.0000e+00 0.0000e+00 0.0000e+00 0.0000e+00 0.0000e+00 0.0000e+00 0.0000e+00 0.0000e+00 0.0000e+00     0     0
 [6,] 0.0000e+00 0.0000e+00 0.0000e+00 0.0000e+00 0.0000e+00 0.0000e+00 0.0000e+00 0.0000e+00 0.0000e+00     0     0
 [7,] 0.0000e+00 0.0000e+00 0.0000e+00 0.0000e+00 0.0000e+00 0.0000e+00 0.0000e+00 0.0000e+00 0.0000e+00     0     0
 [8,] 0.0000e+00 0.0000e+00 0.0000e+00 0.0000e+00 0.0000e+00 0.0000e+00 0.0000e+00 0.0000e+00 0.0000e+00     0     0
 [9,] 0.0000e+00 0.0000e+00 0.0000e+00 0.0000e+00 0.0000e+00 0.0000e+00 0.0000e+00 0.0000e+00 0.0000e+00     0     0
[10,] 1.4715e-05 1.4715e-05 1.4715e-05 1.4715e-05 1.4715e-05 1.4715e-05 1.4715e-05 1.4715e-05 1.4715e-05     0     0
[11,] 1.4715e-05 1.4715e-05 1.4715e-05 1.4715e-05 1.4715e-05 1.4715e-05 1.4715e-05 1.4715e-05 1.4715e-05     0     0


[[1]][[18]]
[[1]][[18]]$partition
[[1]][[18]]$partition$a
[1] "callisaurus_draconoides" "cophosaurus_texanus"     "holbrookia_maculata"    

[[1]][[18]]$partition$b
[1] "gambelia_wislizenii"     "liolaemus_darwinii"      "petrosaurus_thalassinus" "phrynosoma_sherbrookei"  "sceloporus_occidentalis" "uma_notata"             
[7] "urosaurus_ornatus"       "uta_stansburiana"       


[[1]][[18]]$isolation_index
[1] 0.00196751

[[1]][[18]]$matrix
            [,1]       [,2]       [,3]       [,4] [,5] [,6] [,7] [,8] [,9] [,10] [,11]
 [1,] 0.00000000 0.00000000 0.00000000 0.00000000    0    0    0    0    0     0     0
 [2,] 0.00000000 0.00000000 0.00000000 0.00000000    0    0    0    0    0     0     0
 [3,] 0.00196751 0.00196751 0.00000000 0.00000000    0    0    0    0    0     0     0
 [4,] 0.00000000 0.00000000 0.00196751 0.00000000    0    0    0    0    0     0     0
 [5,] 0.00196751 0.00196751 0.00000000 0.00196751    0    0    0    0    0     0     0
 [6,] 0.00196751 0.00196751 0.00000000 0.00196751    0    0    0    0    0     0     0
 [7,] 0.00196751 0.00196751 0.00000000 0.00196751    0    0    0    0    0     0     0
 [8,] 0.00196751 0.00196751 0.00000000 0.00196751    0    0    0    0    0     0     0
 [9,] 0.00196751 0.00196751 0.00000000 0.00196751    0    0    0    0    0     0     0
[10,] 0.00196751 0.00196751 0.00000000 0.00196751    0    0    0    0    0     0     0
[11,] 0.00196751 0.00196751 0.00000000 0.00196751    0    0    0    0    0     0     0


[[1]][[19]]
[[1]][[19]]$partition
[[1]][[19]]$partition$a
[1] "gambelia_wislizenii"     "liolaemus_darwinii"      "petrosaurus_thalassinus"

[[1]][[19]]$partition$b
[1] "callisaurus_draconoides" "cophosaurus_texanus"     "holbrookia_maculata"     "phrynosoma_sherbrookei"  "sceloporus_occidentalis" "uma_notata"             
[7] "urosaurus_ornatus"       "uta_stansburiana"       


[[1]][[19]]$isolation_index
[1] 0.00018882

[[1]][[19]]$matrix
            [,1]       [,2]       [,3]       [,4]       [,5]       [,6] [,7] [,8] [,9] [,10] [,11]
 [1,] 0.00000000 0.00000000 0.00000000 0.00000000 0.00000000 0.00000000    0    0    0     0     0
 [2,] 0.00000000 0.00000000 0.00000000 0.00000000 0.00000000 0.00000000    0    0    0     0     0
 [3,] 0.00018882 0.00018882 0.00000000 0.00000000 0.00000000 0.00000000    0    0    0     0     0
 [4,] 0.00000000 0.00000000 0.00018882 0.00000000 0.00000000 0.00000000    0    0    0     0     0
 [5,] 0.00018882 0.00018882 0.00000000 0.00018882 0.00000000 0.00000000    0    0    0     0     0
 [6,] 0.00018882 0.00018882 0.00000000 0.00018882 0.00000000 0.00000000    0    0    0     0     0
 [7,] 0.00000000 0.00000000 0.00018882 0.00000000 0.00018882 0.00018882    0    0    0     0     0
 [8,] 0.00000000 0.00000000 0.00018882 0.00000000 0.00018882 0.00018882    0    0    0     0     0
 [9,] 0.00000000 0.00000000 0.00018882 0.00000000 0.00018882 0.00018882    0    0    0     0     0
[10,] 0.00000000 0.00000000 0.00018882 0.00000000 0.00018882 0.00018882    0    0    0     0     0
[11,] 0.00000000 0.00000000 0.00018882 0.00000000 0.00018882 0.00018882    0    0    0     0     0


[[1]][[20]]
[[1]][[20]]$partition
[[1]][[20]]$partition$a
[1] "sceloporus_occidentalis" "urosaurus_ornatus"       "uta_stansburiana"       

[[1]][[20]]$partition$b
[1] "callisaurus_draconoides" "cophosaurus_texanus"     "gambelia_wislizenii"     "holbrookia_maculata"     "liolaemus_darwinii"      "petrosaurus_thalassinus"
[7] "phrynosoma_sherbrookei"  "uma_notata"             


[[1]][[20]]$isolation_index
[1] 0.00030985

[[1]][[20]]$matrix
            [,1]       [,2]       [,3]       [,4]       [,5]       [,6]       [,7]       [,8]       [,9] [,10] [,11]
 [1,] 0.00000000 0.00000000 0.00000000 0.00000000 0.00000000 0.00000000 0.00000000 0.00000000 0.00000000     0     0
 [2,] 0.00000000 0.00000000 0.00000000 0.00000000 0.00000000 0.00000000 0.00000000 0.00000000 0.00000000     0     0
 [3,] 0.00000000 0.00000000 0.00000000 0.00000000 0.00000000 0.00000000 0.00000000 0.00000000 0.00000000     0     0
 [4,] 0.00000000 0.00000000 0.00000000 0.00000000 0.00000000 0.00000000 0.00000000 0.00000000 0.00000000     0     0
 [5,] 0.00000000 0.00000000 0.00000000 0.00000000 0.00000000 0.00000000 0.00000000 0.00000000 0.00000000     0     0
 [6,] 0.00000000 0.00000000 0.00000000 0.00000000 0.00000000 0.00000000 0.00000000 0.00000000 0.00000000     0     0
 [7,] 0.00000000 0.00000000 0.00000000 0.00000000 0.00000000 0.00000000 0.00000000 0.00000000 0.00000000     0     0
 [8,] 0.00030985 0.00030985 0.00030985 0.00030985 0.00030985 0.00030985 0.00030985 0.00000000 0.00000000     0     0
 [9,] 0.00000000 0.00000000 0.00000000 0.00000000 0.00000000 0.00000000 0.00000000 0.00030985 0.00000000     0     0
[10,] 0.00030985 0.00030985 0.00030985 0.00030985 0.00030985 0.00030985 0.00030985 0.00000000 0.00030985     0     0
[11,] 0.00030985 0.00030985 0.00030985 0.00030985 0.00030985 0.00030985 0.00030985 0.00000000 0.00030985     0     0


[[1]][[21]]
[[1]][[21]]$partition
[[1]][[21]]$partition$a
[1] "callisaurus_draconoides" "cophosaurus_texanus"     "holbrookia_maculata"     "uma_notata"             

[[1]][[21]]$partition$b
[1] "gambelia_wislizenii"     "liolaemus_darwinii"      "petrosaurus_thalassinus" "phrynosoma_sherbrookei"  "sceloporus_occidentalis" "urosaurus_ornatus"      
[7] "uta_stansburiana"       


[[1]][[21]]$isolation_index
[1] 0.000444115

[[1]][[21]]$matrix
             [,1]        [,2]        [,3]        [,4]        [,5]        [,6]        [,7]        [,8]        [,9] [,10] [,11]
 [1,] 0.000000000 0.000000000 0.000000000 0.000000000 0.000000000 0.000000000 0.000000000 0.000000000 0.000000000     0     0
 [2,] 0.000000000 0.000000000 0.000000000 0.000000000 0.000000000 0.000000000 0.000000000 0.000000000 0.000000000     0     0
 [3,] 0.000444115 0.000444115 0.000000000 0.000000000 0.000000000 0.000000000 0.000000000 0.000000000 0.000000000     0     0
 [4,] 0.000000000 0.000000000 0.000444115 0.000000000 0.000000000 0.000000000 0.000000000 0.000000000 0.000000000     0     0
 [5,] 0.000444115 0.000444115 0.000000000 0.000444115 0.000000000 0.000000000 0.000000000 0.000000000 0.000000000     0     0
 [6,] 0.000444115 0.000444115 0.000000000 0.000444115 0.000000000 0.000000000 0.000000000 0.000000000 0.000000000     0     0
 [7,] 0.000444115 0.000444115 0.000000000 0.000444115 0.000000000 0.000000000 0.000000000 0.000000000 0.000000000     0     0
 [8,] 0.000444115 0.000444115 0.000000000 0.000444115 0.000000000 0.000000000 0.000000000 0.000000000 0.000000000     0     0
 [9,] 0.000000000 0.000000000 0.000444115 0.000000000 0.000444115 0.000444115 0.000444115 0.000444115 0.000000000     0     0
[10,] 0.000444115 0.000444115 0.000000000 0.000444115 0.000000000 0.000000000 0.000000000 0.000000000 0.000444115     0     0
[11,] 0.000444115 0.000444115 0.000000000 0.000444115 0.000000000 0.000000000 0.000000000 0.000000000 0.000444115     0     0


[[1]][[22]]
[[1]][[22]]$partition
[[1]][[22]]$partition$a
[1] "petrosaurus_thalassinus" "sceloporus_occidentalis" "urosaurus_ornatus"       "uta_stansburiana"       

[[1]][[22]]$partition$b
[1] "callisaurus_draconoides" "cophosaurus_texanus"     "gambelia_wislizenii"     "holbrookia_maculata"     "liolaemus_darwinii"      "phrynosoma_sherbrookei" 
[7] "uma_notata"             


[[1]][[22]]$isolation_index
[1] 0.000669095

[[1]][[22]]$matrix
             [,1]        [,2]        [,3]        [,4]        [,5]        [,6]        [,7]        [,8]        [,9] [,10] [,11]
 [1,] 0.000000000 0.000000000 0.000000000 0.000000000 0.000000000 0.000000000 0.000000000 0.000000000 0.000000000     0     0
 [2,] 0.000000000 0.000000000 0.000000000 0.000000000 0.000000000 0.000000000 0.000000000 0.000000000 0.000000000     0     0
 [3,] 0.000000000 0.000000000 0.000000000 0.000000000 0.000000000 0.000000000 0.000000000 0.000000000 0.000000000     0     0
 [4,] 0.000000000 0.000000000 0.000000000 0.000000000 0.000000000 0.000000000 0.000000000 0.000000000 0.000000000     0     0
 [5,] 0.000000000 0.000000000 0.000000000 0.000000000 0.000000000 0.000000000 0.000000000 0.000000000 0.000000000     0     0
 [6,] 0.000669095 0.000669095 0.000669095 0.000669095 0.000669095 0.000000000 0.000000000 0.000000000 0.000000000     0     0
 [7,] 0.000000000 0.000000000 0.000000000 0.000000000 0.000000000 0.000669095 0.000000000 0.000000000 0.000000000     0     0
 [8,] 0.000669095 0.000669095 0.000669095 0.000669095 0.000669095 0.000000000 0.000669095 0.000000000 0.000000000     0     0
 [9,] 0.000000000 0.000000000 0.000000000 0.000000000 0.000000000 0.000669095 0.000000000 0.000669095 0.000000000     0     0
[10,] 0.000669095 0.000669095 0.000669095 0.000669095 0.000669095 0.000000000 0.000669095 0.000000000 0.000669095     0     0
[11,] 0.000669095 0.000669095 0.000669095 0.000669095 0.000669095 0.000000000 0.000669095 0.000000000 0.000669095     0     0


[[1]][[23]]
[[1]][[23]]$partition
[[1]][[23]]$partition$a
[1] "callisaurus_draconoides" "cophosaurus_texanus"     "holbrookia_maculata"     "phrynosoma_sherbrookei"  "uma_notata"             

[[1]][[23]]$partition$b
[1] "gambelia_wislizenii"     "liolaemus_darwinii"      "petrosaurus_thalassinus" "sceloporus_occidentalis" "urosaurus_ornatus"       "uta_stansburiana"       


[[1]][[23]]$isolation_index
[1] 0.002178405

[[1]][[23]]$matrix
             [,1]        [,2]        [,3]        [,4]        [,5]        [,6]        [,7]        [,8]        [,9] [,10] [,11]
 [1,] 0.000000000 0.000000000 0.000000000 0.000000000 0.000000000 0.000000000 0.000000000 0.000000000 0.000000000     0     0
 [2,] 0.000000000 0.000000000 0.000000000 0.000000000 0.000000000 0.000000000 0.000000000 0.000000000 0.000000000     0     0
 [3,] 0.002178405 0.002178405 0.000000000 0.000000000 0.000000000 0.000000000 0.000000000 0.000000000 0.000000000     0     0
 [4,] 0.000000000 0.000000000 0.002178405 0.000000000 0.000000000 0.000000000 0.000000000 0.000000000 0.000000000     0     0
 [5,] 0.002178405 0.002178405 0.000000000 0.002178405 0.000000000 0.000000000 0.000000000 0.000000000 0.000000000     0     0
 [6,] 0.002178405 0.002178405 0.000000000 0.002178405 0.000000000 0.000000000 0.000000000 0.000000000 0.000000000     0     0
 [7,] 0.000000000 0.000000000 0.002178405 0.000000000 0.002178405 0.002178405 0.000000000 0.000000000 0.000000000     0     0
 [8,] 0.002178405 0.002178405 0.000000000 0.002178405 0.000000000 0.000000000 0.002178405 0.000000000 0.000000000     0     0
 [9,] 0.000000000 0.000000000 0.002178405 0.000000000 0.002178405 0.002178405 0.000000000 0.002178405 0.000000000     0     0
[10,] 0.002178405 0.002178405 0.000000000 0.002178405 0.000000000 0.000000000 0.002178405 0.000000000 0.002178405     0     0
[11,] 0.002178405 0.002178405 0.000000000 0.002178405 0.000000000 0.000000000 0.002178405 0.000000000 0.002178405     0     0



[[2]]
             [,1]       [,2]       [,3]       [,4]       [,5]        [,6]       [,7]       [,8]       [,9]      [,10] [,11]
 [1,] 0.000000000 0.00000000 0.00000000 0.00000000 0.00000000 0.000000000 0.00000000 0.00000000 0.00000000 0.00000000     0
 [2,] 0.004907725 0.00000000 0.00000000 0.00000000 0.00000000 0.000000000 0.00000000 0.00000000 0.00000000 0.00000000     0
 [3,] 0.021743935 0.02117271 0.00000000 0.00000000 0.00000000 0.000000000 0.00000000 0.00000000 0.00000000 0.00000000     0
 [4,] 0.004850545 0.00484360 0.02167981 0.00000000 0.00000000 0.000000000 0.00000000 0.00000000 0.00000000 0.00000000     0
 [5,] 0.027125860 0.02655464 0.02382073 0.02706173 0.00000000 0.000000000 0.00000000 0.00000000 0.00000000 0.00000000     0
 [6,] 0.010678040 0.01010681 0.01738533 0.01061391 0.02220522 0.000000000 0.00000000 0.00000000 0.00000000 0.00000000     0
 [7,] 0.011386595 0.01081537 0.02282833 0.01132247 0.02821026 0.011762435 0.00000000 0.00000000 0.00000000 0.00000000     0
 [8,] 0.013704360 0.01313313 0.02078928 0.01364023 0.02617121 0.008385200 0.01478875 0.00000000 0.00000000 0.00000000     0
 [9,] 0.007983925 0.00748948 0.02039067 0.00799658 0.02577259 0.009324775 0.01003333 0.01235109 0.00000000 0.00000000     0
[10,] 0.014273215 0.01370199 0.02135814 0.01420909 0.02674006 0.008954055 0.01535761 0.01080242 0.01291995 0.00000000     0
[11,] 0.012867830 0.01229660 0.01995275 0.01280370 0.02533468 0.007548670 0.01395223 0.00995529 0.01151456 0.01049471     0

