17
A._pisum            0.0000000 0.0486773 0.0380526 0.0458838 0.0497752 0.0445527 0.0502907 0.0523234 0.0552103 0.0582061 0.0476085 0.0450007 0.0452827 0.0478256 0.0496514 0.0477650 0.0477650 
D._melanogaster     0.0486773 0.0000000 0.0320139 0.0355582 0.0374135 0.0373856 0.0409455 0.0417381 0.0431340 0.0462512 0.0403864 0.0385805 0.0386357 0.0417822 0.0408457 0.0402171 0.0402171 
T._castaneum        0.0380526 0.0320139 0.0000000 0.0302486 0.0345507 0.0291262 0.0312292 0.0321997 0.0340715 0.0371045 0.0259991 0.0270127 0.0268370 0.0281686 0.0298970 0.0280040 0.0280040 
B._mori             0.0458838 0.0355582 0.0302486 0.0000000 0.0306912 0.0319849 0.0395003 0.0385334 0.0405493 0.0423382 0.0356849 0.0309450 0.0311308 0.0324329 0.0322409 0.0314475 0.0314475 
C._quinquefasciatus 0.0497752 0.0374135 0.0345507 0.0306912 0.0000000 0.0314433 0.0384566 0.0375435 0.0392971 0.0430437 0.0370908 0.0355638 0.0344936 0.0367940 0.0364425 0.0362917 0.0362917 
N._vitrepennis      0.0445527 0.0373856 0.0291262 0.0319849 0.0314433 0.0000000 0.0210679 0.0229046 0.0219146 0.0248714 0.0171002 0.0186530 0.0153703 0.0176071 0.0189312 0.0185033 0.0185033 
B._terrestris       0.0502907 0.0409455 0.0312292 0.0395003 0.0384566 0.0210679 0.0000000 0.0051631 0.0062488 0.0094040 0.0188974 0.0186232 0.0189474 0.0196331 0.0201561 0.0211234 0.0211234 
B._impatiens        0.0523234 0.0417381 0.0321997 0.0385334 0.0375435 0.0229046 0.0051631 0.0000000 0.0094667 0.0106870 0.0200179 0.0202535 0.0203709 0.0210767 0.0219493 0.0222353 0.0222353 
A._mellifera        0.0552103 0.0431340 0.0340715 0.0405493 0.0392971 0.0219146 0.0062488 0.0094667 0.0000000 0.0046475 0.0209179 0.0205480 0.0189306 0.0207860 0.0199149 0.0212625 0.0212625 
A._florea           0.0582061 0.0462512 0.0371045 0.0423382 0.0430437 0.0248714 0.0094040 0.0106870 0.0046475 0.0000000 0.0233047 0.0231023 0.0218450 0.0237623 0.0224173 0.0237155 0.0237155 
H._saltator         0.0476085 0.0403864 0.0259991 0.0356849 0.0370908 0.0171002 0.0188974 0.0200179 0.0209179 0.0233047 0.0000000 0.0100175 0.0081361 0.0080892 0.0094361 0.0094118 0.0094118 
C._floridanus       0.0450007 0.0385805 0.0270127 0.0309450 0.0355638 0.0186530 0.0186232 0.0202535 0.0205480 0.0231023 0.0100175 0.0000000 0.0085316 0.0071642 0.0089025 0.0089139 0.0089139 
L._humile           0.0452827 0.0386357 0.0268370 0.0311308 0.0344936 0.0153703 0.0189474 0.0203709 0.0189306 0.0218450 0.0081361 0.0085316 0.0000000 0.0045262 0.0058155 0.0053654 0.0053654 
P._barbatus         0.0478256 0.0417822 0.0281686 0.0324329 0.0367940 0.0176071 0.0196331 0.0210767 0.0207860 0.0237623 0.0080892 0.0071642 0.0045262 0.0000000 0.0036979 0.0036692 0.0036692 
S._invicta          0.0496514 0.0408457 0.0298970 0.0322409 0.0364425 0.0189312 0.0201561 0.0219493 0.0199149 0.0224173 0.0094361 0.0089025 0.0058155 0.0036979 0.0000000 0.0036905 0.0036905 
A._echinatior       0.0477650 0.0402171 0.0280040 0.0314475 0.0362917 0.0185033 0.0211234 0.0222353 0.0212625 0.0237155 0.0094118 0.0089139 0.0053654 0.0036692 0.0036905 0.0000000 0.0000010 
A._cephalotes       0.0477650 0.0402171 0.0280040 0.0314475 0.0362917 0.0185033 0.0211234 0.0222353 0.0212625 0.0237155 0.0094118 0.0089139 0.0053654 0.0036692 0.0036905 0.0000010 0.0000000 
