17
C._quinquefasciatus 0.0000000 0.0802557 0.1012249 0.0731855 0.0675464 0.0885523 0.0893860 0.0877811 0.0854922 0.0856165 0.0848283 0.0877485 0.0855396 0.0865937 0.1384908 0.0740387 0.1458490 
D._melanogaster     0.0802557 0.0000000 0.1154317 0.0822928 0.0807089 0.1060825 0.1044014 0.1088964 0.1089179 0.1139166 0.1130754 0.1091089 0.1082604 0.1099009 0.1486971 0.0999023 0.1808722 
B._mori             0.1012249 0.1154317 0.0000000 0.0764243 0.0707357 0.0961517 0.0972146 0.0974186 0.1003922 0.0903021 0.0903216 0.0963299 0.0930262 0.0947175 0.1413294 0.1015273 0.1672530 
A._cepahlotes       0.0731855 0.0822928 0.0764243 0.0000000 0.0083704 0.0172286 0.0108028 0.0150069 0.0217128 0.0304730 0.0304777 0.0274518 0.0269051 0.0380580 0.0726864 0.0554810 0.1207833 
A._echinatior       0.0675464 0.0807089 0.0707357 0.0083704 0.0000000 0.0137927 0.0123021 0.0134256 0.0178292 0.0285078 0.0285126 0.0284934 0.0279353 0.0369971 0.0706650 0.0498104 0.1106175 
L._humile           0.0885523 0.1060825 0.0961517 0.0172286 0.0137927 0.0000000 0.0156284 0.0201907 0.0315821 0.0402201 0.0401377 0.0385251 0.0393273 0.0509393 0.0722346 0.0794148 0.1375728 
C._floridanus       0.0893860 0.1044014 0.0972146 0.0108028 0.0123021 0.0156284 0.0000000 0.0192174 0.0249859 0.0393855 0.0393918 0.0370427 0.0365313 0.0495472 0.0738496 0.0714270 0.1427710 
P._barbatus         0.0877811 0.1088964 0.0974186 0.0150069 0.0134256 0.0201907 0.0192174 0.0000000 0.0302277 0.0420054 0.0420054 0.0410325 0.0399176 0.0524211 0.0747035 0.0787224 0.1401002 
H._saltator         0.0854922 0.1089179 0.1003922 0.0217128 0.0178292 0.0315821 0.0249859 0.0302277 0.0000000 0.0421446 0.0421513 0.0388192 0.0377131 0.0525373 0.0835161 0.0731466 0.1396759 
A._florea           0.0856165 0.1139166 0.0903021 0.0304730 0.0285078 0.0402201 0.0393855 0.0420054 0.0421446 0.0000000 0.0005496 0.0221187 0.0210145 0.0425373 0.0919829 0.0773177 0.1344723 
A._mellifera        0.0848283 0.1130754 0.0903216 0.0304777 0.0285126 0.0401377 0.0393918 0.0420054 0.0421513 0.0005496 0.0000000 0.0221577 0.0210517 0.0424512 0.0919829 0.0771913 0.1347286 
B._impatiens        0.0877485 0.1091089 0.0963299 0.0274518 0.0284934 0.0385251 0.0370427 0.0410325 0.0388192 0.0221187 0.0221577 0.0000000 0.0027688 0.0427506 0.0899002 0.0749724 0.1375966 
B._terrestris       0.0855396 0.1082604 0.0930262 0.0269051 0.0279353 0.0393273 0.0365313 0.0399176 0.0377131 0.0210145 0.0210517 0.0027688 0.0000000 0.0429580 0.0866061 0.0734870 0.1365322 
N._vitrepennis      0.0865937 0.1099009 0.0947175 0.0380580 0.0369971 0.0509393 0.0495472 0.0524211 0.0525373 0.0425373 0.0424512 0.0427506 0.0429580 0.0000000 0.0983899 0.0759952 0.1475819 
S._invicta          0.1384908 0.1486971 0.1413294 0.0726864 0.0706650 0.0722346 0.0738496 0.0747035 0.0835161 0.0919829 0.0919829 0.0899002 0.0866061 0.0983899 0.0000000 0.1214523 0.1774531 
T._castaneum        0.0740387 0.0999023 0.1015273 0.0554810 0.0498104 0.0794148 0.0714270 0.0787224 0.0731466 0.0773177 0.0771913 0.0749724 0.0734870 0.0759952 0.1214523 0.0000000 0.1429286 
A._pisum            0.1458490 0.1808722 0.1672530 0.1207833 0.1106175 0.1375728 0.1427710 0.1401002 0.1396759 0.1344723 0.1347286 0.1375966 0.1365322 0.1475819 0.1774531 0.1429286 0.0000000 
