[[1]]
[[1]][[1]]
[[1]][[1]]$partition
[[1]][[1]]$partition$a
[1] "P._barbatus"

[[1]][[1]]$partition$b
 [1] "S._invicta"          "C._floridanus"       "A._echinatior"       "A._cephalotes"       "L._humile"           "H._saltator"         "A._florea"          
 [8] "A._mellifera"        "B._impatiens"        "B._terrestris"       "N._vitripennis"      "B._mori"             "T._castaneum"        "A._pisum"           
[15] "D._melanogaster"     "C._quinquefasciatus"


[[1]][[1]]$isolation_index
[1] 0.04007655

[[1]][[1]]$matrix
            [,1] [,2] [,3] [,4] [,5] [,6] [,7] [,8] [,9] [,10] [,11] [,12] [,13] [,14] [,15] [,16] [,17]
 [1,] 0.00000000    0    0    0    0    0    0    0    0     0     0     0     0     0     0     0     0
 [2,] 0.04007655    0    0    0    0    0    0    0    0     0     0     0     0     0     0     0     0
 [3,] 0.04007655    0    0    0    0    0    0    0    0     0     0     0     0     0     0     0     0
 [4,] 0.04007655    0    0    0    0    0    0    0    0     0     0     0     0     0     0     0     0
 [5,] 0.04007655    0    0    0    0    0    0    0    0     0     0     0     0     0     0     0     0
 [6,] 0.04007655    0    0    0    0    0    0    0    0     0     0     0     0     0     0     0     0
 [7,] 0.04007655    0    0    0    0    0    0    0    0     0     0     0     0     0     0     0     0
 [8,] 0.04007655    0    0    0    0    0    0    0    0     0     0     0     0     0     0     0     0
 [9,] 0.04007655    0    0    0    0    0    0    0    0     0     0     0     0     0     0     0     0
[10,] 0.04007655    0    0    0    0    0    0    0    0     0     0     0     0     0     0     0     0
[11,] 0.04007655    0    0    0    0    0    0    0    0     0     0     0     0     0     0     0     0
[12,] 0.04007655    0    0    0    0    0    0    0    0     0     0     0     0     0     0     0     0
[13,] 0.04007655    0    0    0    0    0    0    0    0     0     0     0     0     0     0     0     0
[14,] 0.04007655    0    0    0    0    0    0    0    0     0     0     0     0     0     0     0     0
[15,] 0.04007655    0    0    0    0    0    0    0    0     0     0     0     0     0     0     0     0
[16,] 0.04007655    0    0    0    0    0    0    0    0     0     0     0     0     0     0     0     0
[17,] 0.04007655    0    0    0    0    0    0    0    0     0     0     0     0     0     0     0     0


[[1]][[2]]
[[1]][[2]]$partition
[[1]][[2]]$partition$a
[1] "H._saltator"

[[1]][[2]]$partition$b
 [1] "P._barbatus"         "S._invicta"          "C._floridanus"       "A._echinatior"       "A._cephalotes"       "L._humile"           "A._florea"          
 [8] "A._mellifera"        "B._impatiens"        "B._terrestris"       "N._vitripennis"      "B._mori"             "T._castaneum"        "A._pisum"           
[15] "D._melanogaster"     "C._quinquefasciatus"


[[1]][[2]]$isolation_index
[1] 0.01035845

[[1]][[2]]$matrix
            [,1]       [,2]       [,3]       [,4]       [,5]       [,6]       [,7] [,8] [,9] [,10] [,11] [,12] [,13] [,14] [,15] [,16] [,17]
 [1,] 0.00000000 0.00000000 0.00000000 0.00000000 0.00000000 0.00000000 0.00000000    0    0     0     0     0     0     0     0     0     0
 [2,] 0.00000000 0.00000000 0.00000000 0.00000000 0.00000000 0.00000000 0.00000000    0    0     0     0     0     0     0     0     0     0
 [3,] 0.00000000 0.00000000 0.00000000 0.00000000 0.00000000 0.00000000 0.00000000    0    0     0     0     0     0     0     0     0     0
 [4,] 0.00000000 0.00000000 0.00000000 0.00000000 0.00000000 0.00000000 0.00000000    0    0     0     0     0     0     0     0     0     0
 [5,] 0.00000000 0.00000000 0.00000000 0.00000000 0.00000000 0.00000000 0.00000000    0    0     0     0     0     0     0     0     0     0
 [6,] 0.00000000 0.00000000 0.00000000 0.00000000 0.00000000 0.00000000 0.00000000    0    0     0     0     0     0     0     0     0     0
 [7,] 0.01035845 0.01035845 0.01035845 0.01035845 0.01035845 0.01035845 0.00000000    0    0     0     0     0     0     0     0     0     0
 [8,] 0.00000000 0.00000000 0.00000000 0.00000000 0.00000000 0.00000000 0.01035845    0    0     0     0     0     0     0     0     0     0
 [9,] 0.00000000 0.00000000 0.00000000 0.00000000 0.00000000 0.00000000 0.01035845    0    0     0     0     0     0     0     0     0     0
[10,] 0.00000000 0.00000000 0.00000000 0.00000000 0.00000000 0.00000000 0.01035845    0    0     0     0     0     0     0     0     0     0
[11,] 0.00000000 0.00000000 0.00000000 0.00000000 0.00000000 0.00000000 0.01035845    0    0     0     0     0     0     0     0     0     0
[12,] 0.00000000 0.00000000 0.00000000 0.00000000 0.00000000 0.00000000 0.01035845    0    0     0     0     0     0     0     0     0     0
[13,] 0.00000000 0.00000000 0.00000000 0.00000000 0.00000000 0.00000000 0.01035845    0    0     0     0     0     0     0     0     0     0
[14,] 0.00000000 0.00000000 0.00000000 0.00000000 0.00000000 0.00000000 0.01035845    0    0     0     0     0     0     0     0     0     0
[15,] 0.00000000 0.00000000 0.00000000 0.00000000 0.00000000 0.00000000 0.01035845    0    0     0     0     0     0     0     0     0     0
[16,] 0.00000000 0.00000000 0.00000000 0.00000000 0.00000000 0.00000000 0.01035845    0    0     0     0     0     0     0     0     0     0
[17,] 0.00000000 0.00000000 0.00000000 0.00000000 0.00000000 0.00000000 0.01035845    0    0     0     0     0     0     0     0     0     0


[[1]][[3]]
[[1]][[3]]$partition
[[1]][[3]]$partition$a
[1] "B._impatiens"

[[1]][[3]]$partition$b
 [1] "P._barbatus"         "S._invicta"          "C._floridanus"       "A._echinatior"       "A._cephalotes"       "L._humile"           "H._saltator"        
 [8] "A._florea"           "A._mellifera"        "B._terrestris"       "N._vitripennis"      "B._mori"             "T._castaneum"        "A._pisum"           
[15] "D._melanogaster"     "C._quinquefasciatus"


[[1]][[3]]$isolation_index
[1] 5e-07

[[1]][[3]]$matrix
       [,1]  [,2]  [,3]  [,4]  [,5]  [,6]  [,7]  [,8]  [,9] [,10] [,11] [,12] [,13] [,14] [,15] [,16] [,17]
 [1,] 0e+00 0e+00 0e+00 0e+00 0e+00 0e+00 0e+00 0e+00 0e+00 0e+00     0     0     0     0     0     0     0
 [2,] 0e+00 0e+00 0e+00 0e+00 0e+00 0e+00 0e+00 0e+00 0e+00 0e+00     0     0     0     0     0     0     0
 [3,] 0e+00 0e+00 0e+00 0e+00 0e+00 0e+00 0e+00 0e+00 0e+00 0e+00     0     0     0     0     0     0     0
 [4,] 0e+00 0e+00 0e+00 0e+00 0e+00 0e+00 0e+00 0e+00 0e+00 0e+00     0     0     0     0     0     0     0
 [5,] 0e+00 0e+00 0e+00 0e+00 0e+00 0e+00 0e+00 0e+00 0e+00 0e+00     0     0     0     0     0     0     0
 [6,] 0e+00 0e+00 0e+00 0e+00 0e+00 0e+00 0e+00 0e+00 0e+00 0e+00     0     0     0     0     0     0     0
 [7,] 0e+00 0e+00 0e+00 0e+00 0e+00 0e+00 0e+00 0e+00 0e+00 0e+00     0     0     0     0     0     0     0
 [8,] 0e+00 0e+00 0e+00 0e+00 0e+00 0e+00 0e+00 0e+00 0e+00 0e+00     0     0     0     0     0     0     0
 [9,] 0e+00 0e+00 0e+00 0e+00 0e+00 0e+00 0e+00 0e+00 0e+00 0e+00     0     0     0     0     0     0     0
[10,] 5e-07 5e-07 5e-07 5e-07 5e-07 5e-07 5e-07 5e-07 5e-07 0e+00     0     0     0     0     0     0     0
[11,] 0e+00 0e+00 0e+00 0e+00 0e+00 0e+00 0e+00 0e+00 0e+00 5e-07     0     0     0     0     0     0     0
[12,] 0e+00 0e+00 0e+00 0e+00 0e+00 0e+00 0e+00 0e+00 0e+00 5e-07     0     0     0     0     0     0     0
[13,] 0e+00 0e+00 0e+00 0e+00 0e+00 0e+00 0e+00 0e+00 0e+00 5e-07     0     0     0     0     0     0     0
[14,] 0e+00 0e+00 0e+00 0e+00 0e+00 0e+00 0e+00 0e+00 0e+00 5e-07     0     0     0     0     0     0     0
[15,] 0e+00 0e+00 0e+00 0e+00 0e+00 0e+00 0e+00 0e+00 0e+00 5e-07     0     0     0     0     0     0     0
[16,] 0e+00 0e+00 0e+00 0e+00 0e+00 0e+00 0e+00 0e+00 0e+00 5e-07     0     0     0     0     0     0     0
[17,] 0e+00 0e+00 0e+00 0e+00 0e+00 0e+00 0e+00 0e+00 0e+00 5e-07     0     0     0     0     0     0     0


[[1]][[4]]
[[1]][[4]]$partition
[[1]][[4]]$partition$a
[1] "B._terrestris"

[[1]][[4]]$partition$b
 [1] "P._barbatus"         "S._invicta"          "C._floridanus"       "A._echinatior"       "A._cephalotes"       "L._humile"           "H._saltator"        
 [8] "A._florea"           "A._mellifera"        "B._impatiens"        "N._vitripennis"      "B._mori"             "T._castaneum"        "A._pisum"           
[15] "D._melanogaster"     "C._quinquefasciatus"


[[1]][[4]]$isolation_index
[1] 5e-07

[[1]][[4]]$matrix
       [,1]  [,2]  [,3]  [,4]  [,5]  [,6]  [,7]  [,8]  [,9] [,10] [,11] [,12] [,13] [,14] [,15] [,16] [,17]
 [1,] 0e+00 0e+00 0e+00 0e+00 0e+00 0e+00 0e+00 0e+00 0e+00 0e+00 0e+00     0     0     0     0     0     0
 [2,] 0e+00 0e+00 0e+00 0e+00 0e+00 0e+00 0e+00 0e+00 0e+00 0e+00 0e+00     0     0     0     0     0     0
 [3,] 0e+00 0e+00 0e+00 0e+00 0e+00 0e+00 0e+00 0e+00 0e+00 0e+00 0e+00     0     0     0     0     0     0
 [4,] 0e+00 0e+00 0e+00 0e+00 0e+00 0e+00 0e+00 0e+00 0e+00 0e+00 0e+00     0     0     0     0     0     0
 [5,] 0e+00 0e+00 0e+00 0e+00 0e+00 0e+00 0e+00 0e+00 0e+00 0e+00 0e+00     0     0     0     0     0     0
 [6,] 0e+00 0e+00 0e+00 0e+00 0e+00 0e+00 0e+00 0e+00 0e+00 0e+00 0e+00     0     0     0     0     0     0
 [7,] 0e+00 0e+00 0e+00 0e+00 0e+00 0e+00 0e+00 0e+00 0e+00 0e+00 0e+00     0     0     0     0     0     0
 [8,] 0e+00 0e+00 0e+00 0e+00 0e+00 0e+00 0e+00 0e+00 0e+00 0e+00 0e+00     0     0     0     0     0     0
 [9,] 0e+00 0e+00 0e+00 0e+00 0e+00 0e+00 0e+00 0e+00 0e+00 0e+00 0e+00     0     0     0     0     0     0
[10,] 0e+00 0e+00 0e+00 0e+00 0e+00 0e+00 0e+00 0e+00 0e+00 0e+00 0e+00     0     0     0     0     0     0
[11,] 5e-07 5e-07 5e-07 5e-07 5e-07 5e-07 5e-07 5e-07 5e-07 5e-07 0e+00     0     0     0     0     0     0
[12,] 0e+00 0e+00 0e+00 0e+00 0e+00 0e+00 0e+00 0e+00 0e+00 0e+00 5e-07     0     0     0     0     0     0
[13,] 0e+00 0e+00 0e+00 0e+00 0e+00 0e+00 0e+00 0e+00 0e+00 0e+00 5e-07     0     0     0     0     0     0
[14,] 0e+00 0e+00 0e+00 0e+00 0e+00 0e+00 0e+00 0e+00 0e+00 0e+00 5e-07     0     0     0     0     0     0
[15,] 0e+00 0e+00 0e+00 0e+00 0e+00 0e+00 0e+00 0e+00 0e+00 0e+00 5e-07     0     0     0     0     0     0
[16,] 0e+00 0e+00 0e+00 0e+00 0e+00 0e+00 0e+00 0e+00 0e+00 0e+00 5e-07     0     0     0     0     0     0
[17,] 0e+00 0e+00 0e+00 0e+00 0e+00 0e+00 0e+00 0e+00 0e+00 0e+00 5e-07     0     0     0     0     0     0


[[1]][[5]]
[[1]][[5]]$partition
[[1]][[5]]$partition$a
[1] "N._vitripennis"

[[1]][[5]]$partition$b
 [1] "P._barbatus"         "S._invicta"          "C._floridanus"       "A._echinatior"       "A._cephalotes"       "L._humile"           "H._saltator"        
 [8] "A._florea"           "A._mellifera"        "B._impatiens"        "B._terrestris"       "B._mori"             "T._castaneum"        "A._pisum"           
[15] "D._melanogaster"     "C._quinquefasciatus"


[[1]][[5]]$isolation_index
[1] 0.07636505

[[1]][[5]]$matrix
            [,1]       [,2]       [,3]       [,4]       [,5]       [,6]       [,7]       [,8]       [,9]      [,10]      [,11]      [,12] [,13] [,14] [,15] [,16] [,17]
 [1,] 0.00000000 0.00000000 0.00000000 0.00000000 0.00000000 0.00000000 0.00000000 0.00000000 0.00000000 0.00000000 0.00000000 0.00000000     0     0     0     0     0
 [2,] 0.00000000 0.00000000 0.00000000 0.00000000 0.00000000 0.00000000 0.00000000 0.00000000 0.00000000 0.00000000 0.00000000 0.00000000     0     0     0     0     0
 [3,] 0.00000000 0.00000000 0.00000000 0.00000000 0.00000000 0.00000000 0.00000000 0.00000000 0.00000000 0.00000000 0.00000000 0.00000000     0     0     0     0     0
 [4,] 0.00000000 0.00000000 0.00000000 0.00000000 0.00000000 0.00000000 0.00000000 0.00000000 0.00000000 0.00000000 0.00000000 0.00000000     0     0     0     0     0
 [5,] 0.00000000 0.00000000 0.00000000 0.00000000 0.00000000 0.00000000 0.00000000 0.00000000 0.00000000 0.00000000 0.00000000 0.00000000     0     0     0     0     0
 [6,] 0.00000000 0.00000000 0.00000000 0.00000000 0.00000000 0.00000000 0.00000000 0.00000000 0.00000000 0.00000000 0.00000000 0.00000000     0     0     0     0     0
 [7,] 0.00000000 0.00000000 0.00000000 0.00000000 0.00000000 0.00000000 0.00000000 0.00000000 0.00000000 0.00000000 0.00000000 0.00000000     0     0     0     0     0
 [8,] 0.00000000 0.00000000 0.00000000 0.00000000 0.00000000 0.00000000 0.00000000 0.00000000 0.00000000 0.00000000 0.00000000 0.00000000     0     0     0     0     0
 [9,] 0.00000000 0.00000000 0.00000000 0.00000000 0.00000000 0.00000000 0.00000000 0.00000000 0.00000000 0.00000000 0.00000000 0.00000000     0     0     0     0     0
[10,] 0.00000000 0.00000000 0.00000000 0.00000000 0.00000000 0.00000000 0.00000000 0.00000000 0.00000000 0.00000000 0.00000000 0.00000000     0     0     0     0     0
[11,] 0.00000000 0.00000000 0.00000000 0.00000000 0.00000000 0.00000000 0.00000000 0.00000000 0.00000000 0.00000000 0.00000000 0.00000000     0     0     0     0     0
[12,] 0.07636505 0.07636505 0.07636505 0.07636505 0.07636505 0.07636505 0.07636505 0.07636505 0.07636505 0.07636505 0.07636505 0.00000000     0     0     0     0     0
[13,] 0.00000000 0.00000000 0.00000000 0.00000000 0.00000000 0.00000000 0.00000000 0.00000000 0.00000000 0.00000000 0.00000000 0.07636505     0     0     0     0     0
[14,] 0.00000000 0.00000000 0.00000000 0.00000000 0.00000000 0.00000000 0.00000000 0.00000000 0.00000000 0.00000000 0.00000000 0.07636505     0     0     0     0     0
[15,] 0.00000000 0.00000000 0.00000000 0.00000000 0.00000000 0.00000000 0.00000000 0.00000000 0.00000000 0.00000000 0.00000000 0.07636505     0     0     0     0     0
[16,] 0.00000000 0.00000000 0.00000000 0.00000000 0.00000000 0.00000000 0.00000000 0.00000000 0.00000000 0.00000000 0.00000000 0.07636505     0     0     0     0     0
[17,] 0.00000000 0.00000000 0.00000000 0.00000000 0.00000000 0.00000000 0.00000000 0.00000000 0.00000000 0.00000000 0.00000000 0.07636505     0     0     0     0     0


[[1]][[6]]
[[1]][[6]]$partition
[[1]][[6]]$partition$a
[1] "B._mori"

[[1]][[6]]$partition$b
 [1] "P._barbatus"         "S._invicta"          "C._floridanus"       "A._echinatior"       "A._cephalotes"       "L._humile"           "H._saltator"        
 [8] "A._florea"           "A._mellifera"        "B._impatiens"        "B._terrestris"       "N._vitripennis"      "T._castaneum"        "A._pisum"           
[15] "D._melanogaster"     "C._quinquefasciatus"


[[1]][[6]]$isolation_index
[1] 0.1367753

[[1]][[6]]$matrix
           [,1]      [,2]      [,3]      [,4]      [,5]      [,6]      [,7]      [,8]      [,9]     [,10]     [,11]     [,12]     [,13] [,14] [,15] [,16] [,17]
 [1,] 0.0000000 0.0000000 0.0000000 0.0000000 0.0000000 0.0000000 0.0000000 0.0000000 0.0000000 0.0000000 0.0000000 0.0000000 0.0000000     0     0     0     0
 [2,] 0.0000000 0.0000000 0.0000000 0.0000000 0.0000000 0.0000000 0.0000000 0.0000000 0.0000000 0.0000000 0.0000000 0.0000000 0.0000000     0     0     0     0
 [3,] 0.0000000 0.0000000 0.0000000 0.0000000 0.0000000 0.0000000 0.0000000 0.0000000 0.0000000 0.0000000 0.0000000 0.0000000 0.0000000     0     0     0     0
 [4,] 0.0000000 0.0000000 0.0000000 0.0000000 0.0000000 0.0000000 0.0000000 0.0000000 0.0000000 0.0000000 0.0000000 0.0000000 0.0000000     0     0     0     0
 [5,] 0.0000000 0.0000000 0.0000000 0.0000000 0.0000000 0.0000000 0.0000000 0.0000000 0.0000000 0.0000000 0.0000000 0.0000000 0.0000000     0     0     0     0
 [6,] 0.0000000 0.0000000 0.0000000 0.0000000 0.0000000 0.0000000 0.0000000 0.0000000 0.0000000 0.0000000 0.0000000 0.0000000 0.0000000     0     0     0     0
 [7,] 0.0000000 0.0000000 0.0000000 0.0000000 0.0000000 0.0000000 0.0000000 0.0000000 0.0000000 0.0000000 0.0000000 0.0000000 0.0000000     0     0     0     0
 [8,] 0.0000000 0.0000000 0.0000000 0.0000000 0.0000000 0.0000000 0.0000000 0.0000000 0.0000000 0.0000000 0.0000000 0.0000000 0.0000000     0     0     0     0
 [9,] 0.0000000 0.0000000 0.0000000 0.0000000 0.0000000 0.0000000 0.0000000 0.0000000 0.0000000 0.0000000 0.0000000 0.0000000 0.0000000     0     0     0     0
[10,] 0.0000000 0.0000000 0.0000000 0.0000000 0.0000000 0.0000000 0.0000000 0.0000000 0.0000000 0.0000000 0.0000000 0.0000000 0.0000000     0     0     0     0
[11,] 0.0000000 0.0000000 0.0000000 0.0000000 0.0000000 0.0000000 0.0000000 0.0000000 0.0000000 0.0000000 0.0000000 0.0000000 0.0000000     0     0     0     0
[12,] 0.0000000 0.0000000 0.0000000 0.0000000 0.0000000 0.0000000 0.0000000 0.0000000 0.0000000 0.0000000 0.0000000 0.0000000 0.0000000     0     0     0     0
[13,] 0.1367753 0.1367753 0.1367753 0.1367753 0.1367753 0.1367753 0.1367753 0.1367753 0.1367753 0.1367753 0.1367753 0.1367753 0.0000000     0     0     0     0
[14,] 0.0000000 0.0000000 0.0000000 0.0000000 0.0000000 0.0000000 0.0000000 0.0000000 0.0000000 0.0000000 0.0000000 0.0000000 0.1367753     0     0     0     0
[15,] 0.0000000 0.0000000 0.0000000 0.0000000 0.0000000 0.0000000 0.0000000 0.0000000 0.0000000 0.0000000 0.0000000 0.0000000 0.1367753     0     0     0     0
[16,] 0.0000000 0.0000000 0.0000000 0.0000000 0.0000000 0.0000000 0.0000000 0.0000000 0.0000000 0.0000000 0.0000000 0.0000000 0.1367753     0     0     0     0
[17,] 0.0000000 0.0000000 0.0000000 0.0000000 0.0000000 0.0000000 0.0000000 0.0000000 0.0000000 0.0000000 0.0000000 0.0000000 0.1367753     0     0     0     0


[[1]][[7]]
[[1]][[7]]$partition
[[1]][[7]]$partition$a
[1] "T._castaneum"

[[1]][[7]]$partition$b
 [1] "P._barbatus"         "S._invicta"          "C._floridanus"       "A._echinatior"       "A._cephalotes"       "L._humile"           "H._saltator"        
 [8] "A._florea"           "A._mellifera"        "B._impatiens"        "B._terrestris"       "N._vitripennis"      "B._mori"             "A._pisum"           
[15] "D._melanogaster"     "C._quinquefasciatus"


[[1]][[7]]$isolation_index
[1] 0.1351581

[[1]][[7]]$matrix
           [,1]      [,2]      [,3]      [,4]      [,5]      [,6]      [,7]      [,8]      [,9]     [,10]     [,11]     [,12]     [,13]     [,14] [,15] [,16] [,17]
 [1,] 0.0000000 0.0000000 0.0000000 0.0000000 0.0000000 0.0000000 0.0000000 0.0000000 0.0000000 0.0000000 0.0000000 0.0000000 0.0000000 0.0000000     0     0     0
 [2,] 0.0000000 0.0000000 0.0000000 0.0000000 0.0000000 0.0000000 0.0000000 0.0000000 0.0000000 0.0000000 0.0000000 0.0000000 0.0000000 0.0000000     0     0     0
 [3,] 0.0000000 0.0000000 0.0000000 0.0000000 0.0000000 0.0000000 0.0000000 0.0000000 0.0000000 0.0000000 0.0000000 0.0000000 0.0000000 0.0000000     0     0     0
 [4,] 0.0000000 0.0000000 0.0000000 0.0000000 0.0000000 0.0000000 0.0000000 0.0000000 0.0000000 0.0000000 0.0000000 0.0000000 0.0000000 0.0000000     0     0     0
 [5,] 0.0000000 0.0000000 0.0000000 0.0000000 0.0000000 0.0000000 0.0000000 0.0000000 0.0000000 0.0000000 0.0000000 0.0000000 0.0000000 0.0000000     0     0     0
 [6,] 0.0000000 0.0000000 0.0000000 0.0000000 0.0000000 0.0000000 0.0000000 0.0000000 0.0000000 0.0000000 0.0000000 0.0000000 0.0000000 0.0000000     0     0     0
 [7,] 0.0000000 0.0000000 0.0000000 0.0000000 0.0000000 0.0000000 0.0000000 0.0000000 0.0000000 0.0000000 0.0000000 0.0000000 0.0000000 0.0000000     0     0     0
 [8,] 0.0000000 0.0000000 0.0000000 0.0000000 0.0000000 0.0000000 0.0000000 0.0000000 0.0000000 0.0000000 0.0000000 0.0000000 0.0000000 0.0000000     0     0     0
 [9,] 0.0000000 0.0000000 0.0000000 0.0000000 0.0000000 0.0000000 0.0000000 0.0000000 0.0000000 0.0000000 0.0000000 0.0000000 0.0000000 0.0000000     0     0     0
[10,] 0.0000000 0.0000000 0.0000000 0.0000000 0.0000000 0.0000000 0.0000000 0.0000000 0.0000000 0.0000000 0.0000000 0.0000000 0.0000000 0.0000000     0     0     0
[11,] 0.0000000 0.0000000 0.0000000 0.0000000 0.0000000 0.0000000 0.0000000 0.0000000 0.0000000 0.0000000 0.0000000 0.0000000 0.0000000 0.0000000     0     0     0
[12,] 0.0000000 0.0000000 0.0000000 0.0000000 0.0000000 0.0000000 0.0000000 0.0000000 0.0000000 0.0000000 0.0000000 0.0000000 0.0000000 0.0000000     0     0     0
[13,] 0.0000000 0.0000000 0.0000000 0.0000000 0.0000000 0.0000000 0.0000000 0.0000000 0.0000000 0.0000000 0.0000000 0.0000000 0.0000000 0.0000000     0     0     0
[14,] 0.1351581 0.1351581 0.1351581 0.1351581 0.1351581 0.1351581 0.1351581 0.1351581 0.1351581 0.1351581 0.1351581 0.1351581 0.1351581 0.0000000     0     0     0
[15,] 0.0000000 0.0000000 0.0000000 0.0000000 0.0000000 0.0000000 0.0000000 0.0000000 0.0000000 0.0000000 0.0000000 0.0000000 0.0000000 0.1351581     0     0     0
[16,] 0.0000000 0.0000000 0.0000000 0.0000000 0.0000000 0.0000000 0.0000000 0.0000000 0.0000000 0.0000000 0.0000000 0.0000000 0.0000000 0.1351581     0     0     0
[17,] 0.0000000 0.0000000 0.0000000 0.0000000 0.0000000 0.0000000 0.0000000 0.0000000 0.0000000 0.0000000 0.0000000 0.0000000 0.0000000 0.1351581     0     0     0


[[1]][[8]]
[[1]][[8]]$partition
[[1]][[8]]$partition$a
[1] "A._pisum"

[[1]][[8]]$partition$b
 [1] "P._barbatus"         "S._invicta"          "C._floridanus"       "A._echinatior"       "A._cephalotes"       "L._humile"           "H._saltator"        
 [8] "A._florea"           "A._mellifera"        "B._impatiens"        "B._terrestris"       "N._vitripennis"      "B._mori"             "T._castaneum"       
[15] "D._melanogaster"     "C._quinquefasciatus"


[[1]][[8]]$isolation_index
[1] 0.1625746

[[1]][[8]]$matrix
           [,1]      [,2]      [,3]      [,4]      [,5]      [,6]      [,7]      [,8]      [,9]     [,10]     [,11]     [,12]     [,13]     [,14]     [,15] [,16] [,17]
 [1,] 0.0000000 0.0000000 0.0000000 0.0000000 0.0000000 0.0000000 0.0000000 0.0000000 0.0000000 0.0000000 0.0000000 0.0000000 0.0000000 0.0000000 0.0000000     0     0
 [2,] 0.0000000 0.0000000 0.0000000 0.0000000 0.0000000 0.0000000 0.0000000 0.0000000 0.0000000 0.0000000 0.0000000 0.0000000 0.0000000 0.0000000 0.0000000     0     0
 [3,] 0.0000000 0.0000000 0.0000000 0.0000000 0.0000000 0.0000000 0.0000000 0.0000000 0.0000000 0.0000000 0.0000000 0.0000000 0.0000000 0.0000000 0.0000000     0     0
 [4,] 0.0000000 0.0000000 0.0000000 0.0000000 0.0000000 0.0000000 0.0000000 0.0000000 0.0000000 0.0000000 0.0000000 0.0000000 0.0000000 0.0000000 0.0000000     0     0
 [5,] 0.0000000 0.0000000 0.0000000 0.0000000 0.0000000 0.0000000 0.0000000 0.0000000 0.0000000 0.0000000 0.0000000 0.0000000 0.0000000 0.0000000 0.0000000     0     0
 [6,] 0.0000000 0.0000000 0.0000000 0.0000000 0.0000000 0.0000000 0.0000000 0.0000000 0.0000000 0.0000000 0.0000000 0.0000000 0.0000000 0.0000000 0.0000000     0     0
 [7,] 0.0000000 0.0000000 0.0000000 0.0000000 0.0000000 0.0000000 0.0000000 0.0000000 0.0000000 0.0000000 0.0000000 0.0000000 0.0000000 0.0000000 0.0000000     0     0
 [8,] 0.0000000 0.0000000 0.0000000 0.0000000 0.0000000 0.0000000 0.0000000 0.0000000 0.0000000 0.0000000 0.0000000 0.0000000 0.0000000 0.0000000 0.0000000     0     0
 [9,] 0.0000000 0.0000000 0.0000000 0.0000000 0.0000000 0.0000000 0.0000000 0.0000000 0.0000000 0.0000000 0.0000000 0.0000000 0.0000000 0.0000000 0.0000000     0     0
[10,] 0.0000000 0.0000000 0.0000000 0.0000000 0.0000000 0.0000000 0.0000000 0.0000000 0.0000000 0.0000000 0.0000000 0.0000000 0.0000000 0.0000000 0.0000000     0     0
[11,] 0.0000000 0.0000000 0.0000000 0.0000000 0.0000000 0.0000000 0.0000000 0.0000000 0.0000000 0.0000000 0.0000000 0.0000000 0.0000000 0.0000000 0.0000000     0     0
[12,] 0.0000000 0.0000000 0.0000000 0.0000000 0.0000000 0.0000000 0.0000000 0.0000000 0.0000000 0.0000000 0.0000000 0.0000000 0.0000000 0.0000000 0.0000000     0     0
[13,] 0.0000000 0.0000000 0.0000000 0.0000000 0.0000000 0.0000000 0.0000000 0.0000000 0.0000000 0.0000000 0.0000000 0.0000000 0.0000000 0.0000000 0.0000000     0     0
[14,] 0.0000000 0.0000000 0.0000000 0.0000000 0.0000000 0.0000000 0.0000000 0.0000000 0.0000000 0.0000000 0.0000000 0.0000000 0.0000000 0.0000000 0.0000000     0     0
[15,] 0.1625746 0.1625746 0.1625746 0.1625746 0.1625746 0.1625746 0.1625746 0.1625746 0.1625746 0.1625746 0.1625746 0.1625746 0.1625746 0.1625746 0.0000000     0     0
[16,] 0.0000000 0.0000000 0.0000000 0.0000000 0.0000000 0.0000000 0.0000000 0.0000000 0.0000000 0.0000000 0.0000000 0.0000000 0.0000000 0.0000000 0.1625746     0     0
[17,] 0.0000000 0.0000000 0.0000000 0.0000000 0.0000000 0.0000000 0.0000000 0.0000000 0.0000000 0.0000000 0.0000000 0.0000000 0.0000000 0.0000000 0.1625746     0     0


[[1]][[9]]
[[1]][[9]]$partition
[[1]][[9]]$partition$a
[1] "D._melanogaster"

[[1]][[9]]$partition$b
 [1] "P._barbatus"         "S._invicta"          "C._floridanus"       "A._echinatior"       "A._cephalotes"       "L._humile"           "H._saltator"        
 [8] "A._florea"           "A._mellifera"        "B._impatiens"        "B._terrestris"       "N._vitripennis"      "B._mori"             "T._castaneum"       
[15] "A._pisum"            "C._quinquefasciatus"


[[1]][[9]]$isolation_index
[1] 0.115131

[[1]][[9]]$matrix
          [,1]     [,2]     [,3]     [,4]     [,5]     [,6]     [,7]     [,8]     [,9]    [,10]    [,11]    [,12]    [,13]    [,14]    [,15]    [,16] [,17]
 [1,] 0.000000 0.000000 0.000000 0.000000 0.000000 0.000000 0.000000 0.000000 0.000000 0.000000 0.000000 0.000000 0.000000 0.000000 0.000000 0.000000     0
 [2,] 0.000000 0.000000 0.000000 0.000000 0.000000 0.000000 0.000000 0.000000 0.000000 0.000000 0.000000 0.000000 0.000000 0.000000 0.000000 0.000000     0
 [3,] 0.000000 0.000000 0.000000 0.000000 0.000000 0.000000 0.000000 0.000000 0.000000 0.000000 0.000000 0.000000 0.000000 0.000000 0.000000 0.000000     0
 [4,] 0.000000 0.000000 0.000000 0.000000 0.000000 0.000000 0.000000 0.000000 0.000000 0.000000 0.000000 0.000000 0.000000 0.000000 0.000000 0.000000     0
 [5,] 0.000000 0.000000 0.000000 0.000000 0.000000 0.000000 0.000000 0.000000 0.000000 0.000000 0.000000 0.000000 0.000000 0.000000 0.000000 0.000000     0
 [6,] 0.000000 0.000000 0.000000 0.000000 0.000000 0.000000 0.000000 0.000000 0.000000 0.000000 0.000000 0.000000 0.000000 0.000000 0.000000 0.000000     0
 [7,] 0.000000 0.000000 0.000000 0.000000 0.000000 0.000000 0.000000 0.000000 0.000000 0.000000 0.000000 0.000000 0.000000 0.000000 0.000000 0.000000     0
 [8,] 0.000000 0.000000 0.000000 0.000000 0.000000 0.000000 0.000000 0.000000 0.000000 0.000000 0.000000 0.000000 0.000000 0.000000 0.000000 0.000000     0
 [9,] 0.000000 0.000000 0.000000 0.000000 0.000000 0.000000 0.000000 0.000000 0.000000 0.000000 0.000000 0.000000 0.000000 0.000000 0.000000 0.000000     0
[10,] 0.000000 0.000000 0.000000 0.000000 0.000000 0.000000 0.000000 0.000000 0.000000 0.000000 0.000000 0.000000 0.000000 0.000000 0.000000 0.000000     0
[11,] 0.000000 0.000000 0.000000 0.000000 0.000000 0.000000 0.000000 0.000000 0.000000 0.000000 0.000000 0.000000 0.000000 0.000000 0.000000 0.000000     0
[12,] 0.000000 0.000000 0.000000 0.000000 0.000000 0.000000 0.000000 0.000000 0.000000 0.000000 0.000000 0.000000 0.000000 0.000000 0.000000 0.000000     0
[13,] 0.000000 0.000000 0.000000 0.000000 0.000000 0.000000 0.000000 0.000000 0.000000 0.000000 0.000000 0.000000 0.000000 0.000000 0.000000 0.000000     0
[14,] 0.000000 0.000000 0.000000 0.000000 0.000000 0.000000 0.000000 0.000000 0.000000 0.000000 0.000000 0.000000 0.000000 0.000000 0.000000 0.000000     0
[15,] 0.000000 0.000000 0.000000 0.000000 0.000000 0.000000 0.000000 0.000000 0.000000 0.000000 0.000000 0.000000 0.000000 0.000000 0.000000 0.000000     0
[16,] 0.115131 0.115131 0.115131 0.115131 0.115131 0.115131 0.115131 0.115131 0.115131 0.115131 0.115131 0.115131 0.115131 0.115131 0.115131 0.000000     0
[17,] 0.000000 0.000000 0.000000 0.000000 0.000000 0.000000 0.000000 0.000000 0.000000 0.000000 0.000000 0.000000 0.000000 0.000000 0.000000 0.115131     0


[[1]][[10]]
[[1]][[10]]$partition
[[1]][[10]]$partition$a
[1] "C._quinquefasciatus"

[[1]][[10]]$partition$b
 [1] "P._barbatus"     "S._invicta"      "C._floridanus"   "A._echinatior"   "A._cephalotes"   "L._humile"       "H._saltator"     "A._florea"       "A._mellifera"   
[10] "B._impatiens"    "B._terrestris"   "N._vitripennis"  "B._mori"         "T._castaneum"    "A._pisum"        "D._melanogaster"


[[1]][[10]]$isolation_index
[1] 0.09965475

[[1]][[10]]$matrix
            [,1]       [,2]       [,3]       [,4]       [,5]       [,6]       [,7]       [,8]       [,9]      [,10]      [,11]      [,12]      [,13]      [,14]
 [1,] 0.00000000 0.00000000 0.00000000 0.00000000 0.00000000 0.00000000 0.00000000 0.00000000 0.00000000 0.00000000 0.00000000 0.00000000 0.00000000 0.00000000
 [2,] 0.00000000 0.00000000 0.00000000 0.00000000 0.00000000 0.00000000 0.00000000 0.00000000 0.00000000 0.00000000 0.00000000 0.00000000 0.00000000 0.00000000
 [3,] 0.00000000 0.00000000 0.00000000 0.00000000 0.00000000 0.00000000 0.00000000 0.00000000 0.00000000 0.00000000 0.00000000 0.00000000 0.00000000 0.00000000
 [4,] 0.00000000 0.00000000 0.00000000 0.00000000 0.00000000 0.00000000 0.00000000 0.00000000 0.00000000 0.00000000 0.00000000 0.00000000 0.00000000 0.00000000
 [5,] 0.00000000 0.00000000 0.00000000 0.00000000 0.00000000 0.00000000 0.00000000 0.00000000 0.00000000 0.00000000 0.00000000 0.00000000 0.00000000 0.00000000
 [6,] 0.00000000 0.00000000 0.00000000 0.00000000 0.00000000 0.00000000 0.00000000 0.00000000 0.00000000 0.00000000 0.00000000 0.00000000 0.00000000 0.00000000
 [7,] 0.00000000 0.00000000 0.00000000 0.00000000 0.00000000 0.00000000 0.00000000 0.00000000 0.00000000 0.00000000 0.00000000 0.00000000 0.00000000 0.00000000
 [8,] 0.00000000 0.00000000 0.00000000 0.00000000 0.00000000 0.00000000 0.00000000 0.00000000 0.00000000 0.00000000 0.00000000 0.00000000 0.00000000 0.00000000
 [9,] 0.00000000 0.00000000 0.00000000 0.00000000 0.00000000 0.00000000 0.00000000 0.00000000 0.00000000 0.00000000 0.00000000 0.00000000 0.00000000 0.00000000
[10,] 0.00000000 0.00000000 0.00000000 0.00000000 0.00000000 0.00000000 0.00000000 0.00000000 0.00000000 0.00000000 0.00000000 0.00000000 0.00000000 0.00000000
[11,] 0.00000000 0.00000000 0.00000000 0.00000000 0.00000000 0.00000000 0.00000000 0.00000000 0.00000000 0.00000000 0.00000000 0.00000000 0.00000000 0.00000000
[12,] 0.00000000 0.00000000 0.00000000 0.00000000 0.00000000 0.00000000 0.00000000 0.00000000 0.00000000 0.00000000 0.00000000 0.00000000 0.00000000 0.00000000
[13,] 0.00000000 0.00000000 0.00000000 0.00000000 0.00000000 0.00000000 0.00000000 0.00000000 0.00000000 0.00000000 0.00000000 0.00000000 0.00000000 0.00000000
[14,] 0.00000000 0.00000000 0.00000000 0.00000000 0.00000000 0.00000000 0.00000000 0.00000000 0.00000000 0.00000000 0.00000000 0.00000000 0.00000000 0.00000000
[15,] 0.00000000 0.00000000 0.00000000 0.00000000 0.00000000 0.00000000 0.00000000 0.00000000 0.00000000 0.00000000 0.00000000 0.00000000 0.00000000 0.00000000
[16,] 0.00000000 0.00000000 0.00000000 0.00000000 0.00000000 0.00000000 0.00000000 0.00000000 0.00000000 0.00000000 0.00000000 0.00000000 0.00000000 0.00000000
[17,] 0.09965475 0.09965475 0.09965475 0.09965475 0.09965475 0.09965475 0.09965475 0.09965475 0.09965475 0.09965475 0.09965475 0.09965475 0.09965475 0.09965475
           [,15]      [,16] [,17]
 [1,] 0.00000000 0.00000000     0
 [2,] 0.00000000 0.00000000     0
 [3,] 0.00000000 0.00000000     0
 [4,] 0.00000000 0.00000000     0
 [5,] 0.00000000 0.00000000     0
 [6,] 0.00000000 0.00000000     0
 [7,] 0.00000000 0.00000000     0
 [8,] 0.00000000 0.00000000     0
 [9,] 0.00000000 0.00000000     0
[10,] 0.00000000 0.00000000     0
[11,] 0.00000000 0.00000000     0
[12,] 0.00000000 0.00000000     0
[13,] 0.00000000 0.00000000     0
[14,] 0.00000000 0.00000000     0
[15,] 0.00000000 0.00000000     0
[16,] 0.00000000 0.00000000     0
[17,] 0.09965475 0.09965475     0


[[1]][[11]]
[[1]][[11]]$partition
[[1]][[11]]$partition$a
[1] "P._barbatus" "S._invicta" 

[[1]][[11]]$partition$b
 [1] "C._floridanus"       "A._echinatior"       "A._cephalotes"       "L._humile"           "H._saltator"         "A._florea"           "A._mellifera"       
 [8] "B._impatiens"        "B._terrestris"       "N._vitripennis"      "B._mori"             "T._castaneum"        "A._pisum"            "D._melanogaster"    
[15] "C._quinquefasciatus"


[[1]][[11]]$isolation_index
[1] 0.00047275

[[1]][[11]]$matrix
            [,1]       [,2] [,3] [,4] [,5] [,6] [,7] [,8] [,9] [,10] [,11] [,12] [,13] [,14] [,15] [,16] [,17]
 [1,] 0.00000000 0.00000000    0    0    0    0    0    0    0     0     0     0     0     0     0     0     0
 [2,] 0.00000000 0.00000000    0    0    0    0    0    0    0     0     0     0     0     0     0     0     0
 [3,] 0.00047275 0.00047275    0    0    0    0    0    0    0     0     0     0     0     0     0     0     0
 [4,] 0.00047275 0.00047275    0    0    0    0    0    0    0     0     0     0     0     0     0     0     0
 [5,] 0.00047275 0.00047275    0    0    0    0    0    0    0     0     0     0     0     0     0     0     0
 [6,] 0.00047275 0.00047275    0    0    0    0    0    0    0     0     0     0     0     0     0     0     0
 [7,] 0.00047275 0.00047275    0    0    0    0    0    0    0     0     0     0     0     0     0     0     0
 [8,] 0.00047275 0.00047275    0    0    0    0    0    0    0     0     0     0     0     0     0     0     0
 [9,] 0.00047275 0.00047275    0    0    0    0    0    0    0     0     0     0     0     0     0     0     0
[10,] 0.00047275 0.00047275    0    0    0    0    0    0    0     0     0     0     0     0     0     0     0
[11,] 0.00047275 0.00047275    0    0    0    0    0    0    0     0     0     0     0     0     0     0     0
[12,] 0.00047275 0.00047275    0    0    0    0    0    0    0     0     0     0     0     0     0     0     0
[13,] 0.00047275 0.00047275    0    0    0    0    0    0    0     0     0     0     0     0     0     0     0
[14,] 0.00047275 0.00047275    0    0    0    0    0    0    0     0     0     0     0     0     0     0     0
[15,] 0.00047275 0.00047275    0    0    0    0    0    0    0     0     0     0     0     0     0     0     0
[16,] 0.00047275 0.00047275    0    0    0    0    0    0    0     0     0     0     0     0     0     0     0
[17,] 0.00047275 0.00047275    0    0    0    0    0    0    0     0     0     0     0     0     0     0     0


[[1]][[12]]
[[1]][[12]]$partition
[[1]][[12]]$partition$a
[1] "B._impatiens"  "B._terrestris"

[[1]][[12]]$partition$b
 [1] "P._barbatus"         "S._invicta"          "C._floridanus"       "A._echinatior"       "A._cephalotes"       "L._humile"           "H._saltator"        
 [8] "A._florea"           "A._mellifera"        "N._vitripennis"      "B._mori"             "T._castaneum"        "A._pisum"            "D._melanogaster"    
[15] "C._quinquefasciatus"


[[1]][[12]]$isolation_index
[1] 0.0179251

[[1]][[12]]$matrix
           [,1]      [,2]      [,3]      [,4]      [,5]      [,6]      [,7]      [,8]      [,9]     [,10]     [,11] [,12] [,13] [,14] [,15] [,16] [,17]
 [1,] 0.0000000 0.0000000 0.0000000 0.0000000 0.0000000 0.0000000 0.0000000 0.0000000 0.0000000 0.0000000 0.0000000     0     0     0     0     0     0
 [2,] 0.0000000 0.0000000 0.0000000 0.0000000 0.0000000 0.0000000 0.0000000 0.0000000 0.0000000 0.0000000 0.0000000     0     0     0     0     0     0
 [3,] 0.0000000 0.0000000 0.0000000 0.0000000 0.0000000 0.0000000 0.0000000 0.0000000 0.0000000 0.0000000 0.0000000     0     0     0     0     0     0
 [4,] 0.0000000 0.0000000 0.0000000 0.0000000 0.0000000 0.0000000 0.0000000 0.0000000 0.0000000 0.0000000 0.0000000     0     0     0     0     0     0
 [5,] 0.0000000 0.0000000 0.0000000 0.0000000 0.0000000 0.0000000 0.0000000 0.0000000 0.0000000 0.0000000 0.0000000     0     0     0     0     0     0
 [6,] 0.0000000 0.0000000 0.0000000 0.0000000 0.0000000 0.0000000 0.0000000 0.0000000 0.0000000 0.0000000 0.0000000     0     0     0     0     0     0
 [7,] 0.0000000 0.0000000 0.0000000 0.0000000 0.0000000 0.0000000 0.0000000 0.0000000 0.0000000 0.0000000 0.0000000     0     0     0     0     0     0
 [8,] 0.0000000 0.0000000 0.0000000 0.0000000 0.0000000 0.0000000 0.0000000 0.0000000 0.0000000 0.0000000 0.0000000     0     0     0     0     0     0
 [9,] 0.0000000 0.0000000 0.0000000 0.0000000 0.0000000 0.0000000 0.0000000 0.0000000 0.0000000 0.0000000 0.0000000     0     0     0     0     0     0
[10,] 0.0179251 0.0179251 0.0179251 0.0179251 0.0179251 0.0179251 0.0179251 0.0179251 0.0179251 0.0000000 0.0000000     0     0     0     0     0     0
[11,] 0.0179251 0.0179251 0.0179251 0.0179251 0.0179251 0.0179251 0.0179251 0.0179251 0.0179251 0.0000000 0.0000000     0     0     0     0     0     0
[12,] 0.0000000 0.0000000 0.0000000 0.0000000 0.0000000 0.0000000 0.0000000 0.0000000 0.0000000 0.0179251 0.0179251     0     0     0     0     0     0
[13,] 0.0000000 0.0000000 0.0000000 0.0000000 0.0000000 0.0000000 0.0000000 0.0000000 0.0000000 0.0179251 0.0179251     0     0     0     0     0     0
[14,] 0.0000000 0.0000000 0.0000000 0.0000000 0.0000000 0.0000000 0.0000000 0.0000000 0.0000000 0.0179251 0.0179251     0     0     0     0     0     0
[15,] 0.0000000 0.0000000 0.0000000 0.0000000 0.0000000 0.0000000 0.0000000 0.0000000 0.0000000 0.0179251 0.0179251     0     0     0     0     0     0
[16,] 0.0000000 0.0000000 0.0000000 0.0000000 0.0000000 0.0000000 0.0000000 0.0000000 0.0000000 0.0179251 0.0179251     0     0     0     0     0     0
[17,] 0.0000000 0.0000000 0.0000000 0.0000000 0.0000000 0.0000000 0.0000000 0.0000000 0.0000000 0.0179251 0.0179251     0     0     0     0     0     0


[[1]][[13]]
[[1]][[13]]$partition
[[1]][[13]]$partition$a
[1] "D._melanogaster"     "C._quinquefasciatus"

[[1]][[13]]$partition$b
 [1] "P._barbatus"    "S._invicta"     "C._floridanus"  "A._echinatior"  "A._cephalotes"  "L._humile"      "H._saltator"    "A._florea"      "A._mellifera"  
[10] "B._impatiens"   "B._terrestris"  "N._vitripennis" "B._mori"        "T._castaneum"   "A._pisum"      


[[1]][[13]]$isolation_index
[1] 0.154072

[[1]][[13]]$matrix
          [,1]     [,2]     [,3]     [,4]     [,5]     [,6]     [,7]     [,8]     [,9]    [,10]    [,11]    [,12]    [,13]    [,14]    [,15] [,16] [,17]
 [1,] 0.000000 0.000000 0.000000 0.000000 0.000000 0.000000 0.000000 0.000000 0.000000 0.000000 0.000000 0.000000 0.000000 0.000000 0.000000     0     0
 [2,] 0.000000 0.000000 0.000000 0.000000 0.000000 0.000000 0.000000 0.000000 0.000000 0.000000 0.000000 0.000000 0.000000 0.000000 0.000000     0     0
 [3,] 0.000000 0.000000 0.000000 0.000000 0.000000 0.000000 0.000000 0.000000 0.000000 0.000000 0.000000 0.000000 0.000000 0.000000 0.000000     0     0
 [4,] 0.000000 0.000000 0.000000 0.000000 0.000000 0.000000 0.000000 0.000000 0.000000 0.000000 0.000000 0.000000 0.000000 0.000000 0.000000     0     0
 [5,] 0.000000 0.000000 0.000000 0.000000 0.000000 0.000000 0.000000 0.000000 0.000000 0.000000 0.000000 0.000000 0.000000 0.000000 0.000000     0     0
 [6,] 0.000000 0.000000 0.000000 0.000000 0.000000 0.000000 0.000000 0.000000 0.000000 0.000000 0.000000 0.000000 0.000000 0.000000 0.000000     0     0
 [7,] 0.000000 0.000000 0.000000 0.000000 0.000000 0.000000 0.000000 0.000000 0.000000 0.000000 0.000000 0.000000 0.000000 0.000000 0.000000     0     0
 [8,] 0.000000 0.000000 0.000000 0.000000 0.000000 0.000000 0.000000 0.000000 0.000000 0.000000 0.000000 0.000000 0.000000 0.000000 0.000000     0     0
 [9,] 0.000000 0.000000 0.000000 0.000000 0.000000 0.000000 0.000000 0.000000 0.000000 0.000000 0.000000 0.000000 0.000000 0.000000 0.000000     0     0
[10,] 0.000000 0.000000 0.000000 0.000000 0.000000 0.000000 0.000000 0.000000 0.000000 0.000000 0.000000 0.000000 0.000000 0.000000 0.000000     0     0
[11,] 0.000000 0.000000 0.000000 0.000000 0.000000 0.000000 0.000000 0.000000 0.000000 0.000000 0.000000 0.000000 0.000000 0.000000 0.000000     0     0
[12,] 0.000000 0.000000 0.000000 0.000000 0.000000 0.000000 0.000000 0.000000 0.000000 0.000000 0.000000 0.000000 0.000000 0.000000 0.000000     0     0
[13,] 0.000000 0.000000 0.000000 0.000000 0.000000 0.000000 0.000000 0.000000 0.000000 0.000000 0.000000 0.000000 0.000000 0.000000 0.000000     0     0
[14,] 0.000000 0.000000 0.000000 0.000000 0.000000 0.000000 0.000000 0.000000 0.000000 0.000000 0.000000 0.000000 0.000000 0.000000 0.000000     0     0
[15,] 0.000000 0.000000 0.000000 0.000000 0.000000 0.000000 0.000000 0.000000 0.000000 0.000000 0.000000 0.000000 0.000000 0.000000 0.000000     0     0
[16,] 0.154072 0.154072 0.154072 0.154072 0.154072 0.154072 0.154072 0.154072 0.154072 0.154072 0.154072 0.154072 0.154072 0.154072 0.154072     0     0
[17,] 0.154072 0.154072 0.154072 0.154072 0.154072 0.154072 0.154072 0.154072 0.154072 0.154072 0.154072 0.154072 0.154072 0.154072 0.154072     0     0


[[1]][[14]]
[[1]][[14]]$partition
[[1]][[14]]$partition$a
[1] "A._florea"     "A._mellifera"  "B._impatiens"  "B._terrestris"

[[1]][[14]]$partition$b
 [1] "P._barbatus"         "S._invicta"          "C._floridanus"       "A._echinatior"       "A._cephalotes"       "L._humile"           "H._saltator"        
 [8] "N._vitripennis"      "B._mori"             "T._castaneum"        "A._pisum"            "D._melanogaster"     "C._quinquefasciatus"


[[1]][[14]]$isolation_index
[1] 0.01443875

[[1]][[14]]$matrix
            [,1]       [,2]       [,3]       [,4]       [,5]       [,6]       [,7]       [,8]       [,9]      [,10]      [,11] [,12] [,13] [,14] [,15] [,16] [,17]
 [1,] 0.00000000 0.00000000 0.00000000 0.00000000 0.00000000 0.00000000 0.00000000 0.00000000 0.00000000 0.00000000 0.00000000     0     0     0     0     0     0
 [2,] 0.00000000 0.00000000 0.00000000 0.00000000 0.00000000 0.00000000 0.00000000 0.00000000 0.00000000 0.00000000 0.00000000     0     0     0     0     0     0
 [3,] 0.00000000 0.00000000 0.00000000 0.00000000 0.00000000 0.00000000 0.00000000 0.00000000 0.00000000 0.00000000 0.00000000     0     0     0     0     0     0
 [4,] 0.00000000 0.00000000 0.00000000 0.00000000 0.00000000 0.00000000 0.00000000 0.00000000 0.00000000 0.00000000 0.00000000     0     0     0     0     0     0
 [5,] 0.00000000 0.00000000 0.00000000 0.00000000 0.00000000 0.00000000 0.00000000 0.00000000 0.00000000 0.00000000 0.00000000     0     0     0     0     0     0
 [6,] 0.00000000 0.00000000 0.00000000 0.00000000 0.00000000 0.00000000 0.00000000 0.00000000 0.00000000 0.00000000 0.00000000     0     0     0     0     0     0
 [7,] 0.00000000 0.00000000 0.00000000 0.00000000 0.00000000 0.00000000 0.00000000 0.00000000 0.00000000 0.00000000 0.00000000     0     0     0     0     0     0
 [8,] 0.01443875 0.01443875 0.01443875 0.01443875 0.01443875 0.01443875 0.01443875 0.00000000 0.00000000 0.00000000 0.00000000     0     0     0     0     0     0
 [9,] 0.01443875 0.01443875 0.01443875 0.01443875 0.01443875 0.01443875 0.01443875 0.00000000 0.00000000 0.00000000 0.00000000     0     0     0     0     0     0
[10,] 0.01443875 0.01443875 0.01443875 0.01443875 0.01443875 0.01443875 0.01443875 0.00000000 0.00000000 0.00000000 0.00000000     0     0     0     0     0     0
[11,] 0.01443875 0.01443875 0.01443875 0.01443875 0.01443875 0.01443875 0.01443875 0.00000000 0.00000000 0.00000000 0.00000000     0     0     0     0     0     0
[12,] 0.00000000 0.00000000 0.00000000 0.00000000 0.00000000 0.00000000 0.00000000 0.01443875 0.01443875 0.01443875 0.01443875     0     0     0     0     0     0
[13,] 0.00000000 0.00000000 0.00000000 0.00000000 0.00000000 0.00000000 0.00000000 0.01443875 0.01443875 0.01443875 0.01443875     0     0     0     0     0     0
[14,] 0.00000000 0.00000000 0.00000000 0.00000000 0.00000000 0.00000000 0.00000000 0.01443875 0.01443875 0.01443875 0.01443875     0     0     0     0     0     0
[15,] 0.00000000 0.00000000 0.00000000 0.00000000 0.00000000 0.00000000 0.00000000 0.01443875 0.01443875 0.01443875 0.01443875     0     0     0     0     0     0
[16,] 0.00000000 0.00000000 0.00000000 0.00000000 0.00000000 0.00000000 0.00000000 0.01443875 0.01443875 0.01443875 0.01443875     0     0     0     0     0     0
[17,] 0.00000000 0.00000000 0.00000000 0.00000000 0.00000000 0.00000000 0.00000000 0.01443875 0.01443875 0.01443875 0.01443875     0     0     0     0     0     0


[[1]][[15]]
[[1]][[15]]$partition
[[1]][[15]]$partition$a
[1] "B._mori"             "T._castaneum"        "A._pisum"            "D._melanogaster"     "C._quinquefasciatus"

[[1]][[15]]$partition$b
 [1] "P._barbatus"    "S._invicta"     "C._floridanus"  "A._echinatior"  "A._cephalotes"  "L._humile"      "H._saltator"    "A._florea"      "A._mellifera"  
[10] "B._impatiens"   "B._terrestris"  "N._vitripennis"


[[1]][[15]]$isolation_index
[1] 0.09477755

[[1]][[15]]$matrix
            [,1]       [,2]       [,3]       [,4]       [,5]       [,6]       [,7]       [,8]       [,9]      [,10]      [,11]      [,12] [,13] [,14] [,15] [,16] [,17]
 [1,] 0.00000000 0.00000000 0.00000000 0.00000000 0.00000000 0.00000000 0.00000000 0.00000000 0.00000000 0.00000000 0.00000000 0.00000000     0     0     0     0     0
 [2,] 0.00000000 0.00000000 0.00000000 0.00000000 0.00000000 0.00000000 0.00000000 0.00000000 0.00000000 0.00000000 0.00000000 0.00000000     0     0     0     0     0
 [3,] 0.00000000 0.00000000 0.00000000 0.00000000 0.00000000 0.00000000 0.00000000 0.00000000 0.00000000 0.00000000 0.00000000 0.00000000     0     0     0     0     0
 [4,] 0.00000000 0.00000000 0.00000000 0.00000000 0.00000000 0.00000000 0.00000000 0.00000000 0.00000000 0.00000000 0.00000000 0.00000000     0     0     0     0     0
 [5,] 0.00000000 0.00000000 0.00000000 0.00000000 0.00000000 0.00000000 0.00000000 0.00000000 0.00000000 0.00000000 0.00000000 0.00000000     0     0     0     0     0
 [6,] 0.00000000 0.00000000 0.00000000 0.00000000 0.00000000 0.00000000 0.00000000 0.00000000 0.00000000 0.00000000 0.00000000 0.00000000     0     0     0     0     0
 [7,] 0.00000000 0.00000000 0.00000000 0.00000000 0.00000000 0.00000000 0.00000000 0.00000000 0.00000000 0.00000000 0.00000000 0.00000000     0     0     0     0     0
 [8,] 0.00000000 0.00000000 0.00000000 0.00000000 0.00000000 0.00000000 0.00000000 0.00000000 0.00000000 0.00000000 0.00000000 0.00000000     0     0     0     0     0
 [9,] 0.00000000 0.00000000 0.00000000 0.00000000 0.00000000 0.00000000 0.00000000 0.00000000 0.00000000 0.00000000 0.00000000 0.00000000     0     0     0     0     0
[10,] 0.00000000 0.00000000 0.00000000 0.00000000 0.00000000 0.00000000 0.00000000 0.00000000 0.00000000 0.00000000 0.00000000 0.00000000     0     0     0     0     0
[11,] 0.00000000 0.00000000 0.00000000 0.00000000 0.00000000 0.00000000 0.00000000 0.00000000 0.00000000 0.00000000 0.00000000 0.00000000     0     0     0     0     0
[12,] 0.00000000 0.00000000 0.00000000 0.00000000 0.00000000 0.00000000 0.00000000 0.00000000 0.00000000 0.00000000 0.00000000 0.00000000     0     0     0     0     0
[13,] 0.09477755 0.09477755 0.09477755 0.09477755 0.09477755 0.09477755 0.09477755 0.09477755 0.09477755 0.09477755 0.09477755 0.09477755     0     0     0     0     0
[14,] 0.09477755 0.09477755 0.09477755 0.09477755 0.09477755 0.09477755 0.09477755 0.09477755 0.09477755 0.09477755 0.09477755 0.09477755     0     0     0     0     0
[15,] 0.09477755 0.09477755 0.09477755 0.09477755 0.09477755 0.09477755 0.09477755 0.09477755 0.09477755 0.09477755 0.09477755 0.09477755     0     0     0     0     0
[16,] 0.09477755 0.09477755 0.09477755 0.09477755 0.09477755 0.09477755 0.09477755 0.09477755 0.09477755 0.09477755 0.09477755 0.09477755     0     0     0     0     0
[17,] 0.09477755 0.09477755 0.09477755 0.09477755 0.09477755 0.09477755 0.09477755 0.09477755 0.09477755 0.09477755 0.09477755 0.09477755     0     0     0     0     0


[[1]][[16]]
[[1]][[16]]$partition
[[1]][[16]]$partition$a
[1] "P._barbatus"   "S._invicta"    "C._floridanus" "A._echinatior" "A._cephalotes" "L._humile"     "H._saltator"  

[[1]][[16]]$partition$b
 [1] "A._florea"           "A._mellifera"        "B._impatiens"        "B._terrestris"       "N._vitripennis"      "B._mori"             "T._castaneum"       
 [8] "A._pisum"            "D._melanogaster"     "C._quinquefasciatus"


[[1]][[16]]$isolation_index
[1] 0.02331445

[[1]][[16]]$matrix
            [,1]       [,2]       [,3]       [,4]       [,5]       [,6]       [,7] [,8] [,9] [,10] [,11] [,12] [,13] [,14] [,15] [,16] [,17]
 [1,] 0.00000000 0.00000000 0.00000000 0.00000000 0.00000000 0.00000000 0.00000000    0    0     0     0     0     0     0     0     0     0
 [2,] 0.00000000 0.00000000 0.00000000 0.00000000 0.00000000 0.00000000 0.00000000    0    0     0     0     0     0     0     0     0     0
 [3,] 0.00000000 0.00000000 0.00000000 0.00000000 0.00000000 0.00000000 0.00000000    0    0     0     0     0     0     0     0     0     0
 [4,] 0.00000000 0.00000000 0.00000000 0.00000000 0.00000000 0.00000000 0.00000000    0    0     0     0     0     0     0     0     0     0
 [5,] 0.00000000 0.00000000 0.00000000 0.00000000 0.00000000 0.00000000 0.00000000    0    0     0     0     0     0     0     0     0     0
 [6,] 0.00000000 0.00000000 0.00000000 0.00000000 0.00000000 0.00000000 0.00000000    0    0     0     0     0     0     0     0     0     0
 [7,] 0.00000000 0.00000000 0.00000000 0.00000000 0.00000000 0.00000000 0.00000000    0    0     0     0     0     0     0     0     0     0
 [8,] 0.02331445 0.02331445 0.02331445 0.02331445 0.02331445 0.02331445 0.02331445    0    0     0     0     0     0     0     0     0     0
 [9,] 0.02331445 0.02331445 0.02331445 0.02331445 0.02331445 0.02331445 0.02331445    0    0     0     0     0     0     0     0     0     0
[10,] 0.02331445 0.02331445 0.02331445 0.02331445 0.02331445 0.02331445 0.02331445    0    0     0     0     0     0     0     0     0     0
[11,] 0.02331445 0.02331445 0.02331445 0.02331445 0.02331445 0.02331445 0.02331445    0    0     0     0     0     0     0     0     0     0
[12,] 0.02331445 0.02331445 0.02331445 0.02331445 0.02331445 0.02331445 0.02331445    0    0     0     0     0     0     0     0     0     0
[13,] 0.02331445 0.02331445 0.02331445 0.02331445 0.02331445 0.02331445 0.02331445    0    0     0     0     0     0     0     0     0     0
[14,] 0.02331445 0.02331445 0.02331445 0.02331445 0.02331445 0.02331445 0.02331445    0    0     0     0     0     0     0     0     0     0
[15,] 0.02331445 0.02331445 0.02331445 0.02331445 0.02331445 0.02331445 0.02331445    0    0     0     0     0     0     0     0     0     0
[16,] 0.02331445 0.02331445 0.02331445 0.02331445 0.02331445 0.02331445 0.02331445    0    0     0     0     0     0     0     0     0     0
[17,] 0.02331445 0.02331445 0.02331445 0.02331445 0.02331445 0.02331445 0.02331445    0    0     0     0     0     0     0     0     0     0



[[2]]
            [,1]       [,2]       [,3]       [,4]       [,5]       [,6]       [,7]      [,8]      [,9]     [,10]     [,11]     [,12]     [,13]     [,14]     [,15]
 [1,] 0.00000000 0.00000000 0.00000000 0.00000000 0.00000000 0.00000000 0.00000000 0.0000000 0.0000000 0.0000000 0.0000000 0.0000000 0.0000000 0.0000000 0.0000000
 [2,] 0.04007655 0.00000000 0.00000000 0.00000000 0.00000000 0.00000000 0.00000000 0.0000000 0.0000000 0.0000000 0.0000000 0.0000000 0.0000000 0.0000000 0.0000000
 [3,] 0.04054930 0.00047275 0.00000000 0.00000000 0.00000000 0.00000000 0.00000000 0.0000000 0.0000000 0.0000000 0.0000000 0.0000000 0.0000000 0.0000000 0.0000000
 [4,] 0.04054930 0.00047275 0.00000000 0.00000000 0.00000000 0.00000000 0.00000000 0.0000000 0.0000000 0.0000000 0.0000000 0.0000000 0.0000000 0.0000000 0.0000000
 [5,] 0.04054930 0.00047275 0.00000000 0.00000000 0.00000000 0.00000000 0.00000000 0.0000000 0.0000000 0.0000000 0.0000000 0.0000000 0.0000000 0.0000000 0.0000000
 [6,] 0.04054930 0.00047275 0.00000000 0.00000000 0.00000000 0.00000000 0.00000000 0.0000000 0.0000000 0.0000000 0.0000000 0.0000000 0.0000000 0.0000000 0.0000000
 [7,] 0.05090775 0.01083120 0.01035845 0.01035845 0.01035845 0.01035845 0.00000000 0.0000000 0.0000000 0.0000000 0.0000000 0.0000000 0.0000000 0.0000000 0.0000000
 [8,] 0.07830250 0.03822595 0.03775320 0.03775320 0.03775320 0.03775320 0.04811165 0.0000000 0.0000000 0.0000000 0.0000000 0.0000000 0.0000000 0.0000000 0.0000000
 [9,] 0.07830250 0.03822595 0.03775320 0.03775320 0.03775320 0.03775320 0.04811165 0.0000000 0.0000000 0.0000000 0.0000000 0.0000000 0.0000000 0.0000000 0.0000000
[10,] 0.09622810 0.05615155 0.05567880 0.05567880 0.05567880 0.05567880 0.06603725 0.0179256 0.0179256 0.0000000 0.0000000 0.0000000 0.0000000 0.0000000 0.0000000
[11,] 0.09622810 0.05615155 0.05567880 0.05567880 0.05567880 0.05567880 0.06603725 0.0179256 0.0179256 0.0000010 0.0000000 0.0000000 0.0000000 0.0000000 0.0000000
[12,] 0.14022880 0.10015225 0.09967950 0.09967950 0.09967950 0.09967950 0.11003795 0.0908038 0.0908038 0.1087294 0.1087294 0.0000000 0.0000000 0.0000000 0.0000000
[13,] 0.29541665 0.25534010 0.25486735 0.25486735 0.25486735 0.25486735 0.26522580 0.2459917 0.2459917 0.2639172 0.2639172 0.3079179 0.0000000 0.0000000 0.0000000
[14,] 0.29379940 0.25372285 0.25325010 0.25325010 0.25325010 0.25325010 0.26360855 0.2443744 0.2443744 0.2623000 0.2623000 0.3063007 0.2719334 0.0000000 0.0000000
[15,] 0.32121585 0.28113930 0.28066655 0.28066655 0.28066655 0.28066655 0.29102500 0.2717909 0.2717909 0.2897165 0.2897165 0.3337172 0.2993499 0.2977327 0.0000000
[16,] 0.42784420 0.38776765 0.38729490 0.38729490 0.38729490 0.38729490 0.39765335 0.3784192 0.3784192 0.3963448 0.3963448 0.4403455 0.4059782 0.4043610 0.4317775
[17,] 0.41236800 0.37229145 0.37181870 0.37181870 0.37181870 0.37181870 0.38217715 0.3629430 0.3629430 0.3808686 0.3808686 0.4248693 0.3905020 0.3888848 0.4163013
          [,16] [,17]
 [1,] 0.0000000     0
 [2,] 0.0000000     0
 [3,] 0.0000000     0
 [4,] 0.0000000     0
 [5,] 0.0000000     0
 [6,] 0.0000000     0
 [7,] 0.0000000     0
 [8,] 0.0000000     0
 [9,] 0.0000000     0
[10,] 0.0000000     0
[11,] 0.0000000     0
[12,] 0.0000000     0
[13,] 0.0000000     0
[14,] 0.0000000     0
[15,] 0.0000000     0
[16,] 0.0000000     0
[17,] 0.2147857     0

