[[1]]
[[1]][[1]]
[[1]][[1]]$partition
[[1]][[1]]$partition$a
[1] "A._pisum"

[[1]][[1]]$partition$b
 [1] "A._cephalotes"       "A._echinatior"       "S._invicta"          "C._floridanus"       "L._humile"           "P._barbatus"         "H._saltator"        
 [8] "A._florea"           "A._mellifera"        "B._impatiens"        "B._terrestris"       "N._vitripennis"      "B._mori"             "C._quinquefasciatus"
[15] "D._melanogaster"     "T._castaneum"       


[[1]][[1]]$isolation_index
[1] 0.1259027

[[1]][[1]]$matrix
           [,1] [,2] [,3] [,4] [,5] [,6] [,7] [,8] [,9] [,10] [,11] [,12] [,13] [,14] [,15] [,16] [,17]
 [1,] 0.0000000    0    0    0    0    0    0    0    0     0     0     0     0     0     0     0     0
 [2,] 0.1259027    0    0    0    0    0    0    0    0     0     0     0     0     0     0     0     0
 [3,] 0.1259027    0    0    0    0    0    0    0    0     0     0     0     0     0     0     0     0
 [4,] 0.1259027    0    0    0    0    0    0    0    0     0     0     0     0     0     0     0     0
 [5,] 0.1259027    0    0    0    0    0    0    0    0     0     0     0     0     0     0     0     0
 [6,] 0.1259027    0    0    0    0    0    0    0    0     0     0     0     0     0     0     0     0
 [7,] 0.1259027    0    0    0    0    0    0    0    0     0     0     0     0     0     0     0     0
 [8,] 0.1259027    0    0    0    0    0    0    0    0     0     0     0     0     0     0     0     0
 [9,] 0.1259027    0    0    0    0    0    0    0    0     0     0     0     0     0     0     0     0
[10,] 0.1259027    0    0    0    0    0    0    0    0     0     0     0     0     0     0     0     0
[11,] 0.1259027    0    0    0    0    0    0    0    0     0     0     0     0     0     0     0     0
[12,] 0.1259027    0    0    0    0    0    0    0    0     0     0     0     0     0     0     0     0
[13,] 0.1259027    0    0    0    0    0    0    0    0     0     0     0     0     0     0     0     0
[14,] 0.1259027    0    0    0    0    0    0    0    0     0     0     0     0     0     0     0     0
[15,] 0.1259027    0    0    0    0    0    0    0    0     0     0     0     0     0     0     0     0
[16,] 0.1259027    0    0    0    0    0    0    0    0     0     0     0     0     0     0     0     0
[17,] 0.1259027    0    0    0    0    0    0    0    0     0     0     0     0     0     0     0     0


[[1]][[2]]
[[1]][[2]]$partition
[[1]][[2]]$partition$a
[1] "S._invicta"

[[1]][[2]]$partition$b
 [1] "A._pisum"            "A._cephalotes"       "A._echinatior"       "C._floridanus"       "L._humile"           "P._barbatus"         "H._saltator"        
 [8] "A._florea"           "A._mellifera"        "B._impatiens"        "B._terrestris"       "N._vitripennis"      "B._mori"             "C._quinquefasciatus"
[15] "D._melanogaster"     "T._castaneum"       


[[1]][[2]]$isolation_index
[1] 0.0048101

[[1]][[2]]$matrix
           [,1]      [,2]      [,3]      [,4] [,5] [,6] [,7] [,8] [,9] [,10] [,11] [,12] [,13] [,14] [,15] [,16] [,17]
 [1,] 0.0000000 0.0000000 0.0000000 0.0000000    0    0    0    0    0     0     0     0     0     0     0     0     0
 [2,] 0.0000000 0.0000000 0.0000000 0.0000000    0    0    0    0    0     0     0     0     0     0     0     0     0
 [3,] 0.0000000 0.0000000 0.0000000 0.0000000    0    0    0    0    0     0     0     0     0     0     0     0     0
 [4,] 0.0048101 0.0048101 0.0048101 0.0000000    0    0    0    0    0     0     0     0     0     0     0     0     0
 [5,] 0.0000000 0.0000000 0.0000000 0.0048101    0    0    0    0    0     0     0     0     0     0     0     0     0
 [6,] 0.0000000 0.0000000 0.0000000 0.0048101    0    0    0    0    0     0     0     0     0     0     0     0     0
 [7,] 0.0000000 0.0000000 0.0000000 0.0048101    0    0    0    0    0     0     0     0     0     0     0     0     0
 [8,] 0.0000000 0.0000000 0.0000000 0.0048101    0    0    0    0    0     0     0     0     0     0     0     0     0
 [9,] 0.0000000 0.0000000 0.0000000 0.0048101    0    0    0    0    0     0     0     0     0     0     0     0     0
[10,] 0.0000000 0.0000000 0.0000000 0.0048101    0    0    0    0    0     0     0     0     0     0     0     0     0
[11,] 0.0000000 0.0000000 0.0000000 0.0048101    0    0    0    0    0     0     0     0     0     0     0     0     0
[12,] 0.0000000 0.0000000 0.0000000 0.0048101    0    0    0    0    0     0     0     0     0     0     0     0     0
[13,] 0.0000000 0.0000000 0.0000000 0.0048101    0    0    0    0    0     0     0     0     0     0     0     0     0
[14,] 0.0000000 0.0000000 0.0000000 0.0048101    0    0    0    0    0     0     0     0     0     0     0     0     0
[15,] 0.0000000 0.0000000 0.0000000 0.0048101    0    0    0    0    0     0     0     0     0     0     0     0     0
[16,] 0.0000000 0.0000000 0.0000000 0.0048101    0    0    0    0    0     0     0     0     0     0     0     0     0
[17,] 0.0000000 0.0000000 0.0000000 0.0048101    0    0    0    0    0     0     0     0     0     0     0     0     0


[[1]][[3]]
[[1]][[3]]$partition
[[1]][[3]]$partition$a
[1] "C._floridanus"

[[1]][[3]]$partition$b
 [1] "A._pisum"            "A._cephalotes"       "A._echinatior"       "S._invicta"          "L._humile"           "P._barbatus"         "H._saltator"        
 [8] "A._florea"           "A._mellifera"        "B._impatiens"        "B._terrestris"       "N._vitripennis"      "B._mori"             "C._quinquefasciatus"
[15] "D._melanogaster"     "T._castaneum"       


[[1]][[3]]$isolation_index
[1] 0.00642915

[[1]][[3]]$matrix
            [,1]       [,2]       [,3]       [,4]       [,5] [,6] [,7] [,8] [,9] [,10] [,11] [,12] [,13] [,14] [,15] [,16] [,17]
 [1,] 0.00000000 0.00000000 0.00000000 0.00000000 0.00000000    0    0    0    0     0     0     0     0     0     0     0     0
 [2,] 0.00000000 0.00000000 0.00000000 0.00000000 0.00000000    0    0    0    0     0     0     0     0     0     0     0     0
 [3,] 0.00000000 0.00000000 0.00000000 0.00000000 0.00000000    0    0    0    0     0     0     0     0     0     0     0     0
 [4,] 0.00000000 0.00000000 0.00000000 0.00000000 0.00000000    0    0    0    0     0     0     0     0     0     0     0     0
 [5,] 0.00642915 0.00642915 0.00642915 0.00642915 0.00000000    0    0    0    0     0     0     0     0     0     0     0     0
 [6,] 0.00000000 0.00000000 0.00000000 0.00000000 0.00642915    0    0    0    0     0     0     0     0     0     0     0     0
 [7,] 0.00000000 0.00000000 0.00000000 0.00000000 0.00642915    0    0    0    0     0     0     0     0     0     0     0     0
 [8,] 0.00000000 0.00000000 0.00000000 0.00000000 0.00642915    0    0    0    0     0     0     0     0     0     0     0     0
 [9,] 0.00000000 0.00000000 0.00000000 0.00000000 0.00642915    0    0    0    0     0     0     0     0     0     0     0     0
[10,] 0.00000000 0.00000000 0.00000000 0.00000000 0.00642915    0    0    0    0     0     0     0     0     0     0     0     0
[11,] 0.00000000 0.00000000 0.00000000 0.00000000 0.00642915    0    0    0    0     0     0     0     0     0     0     0     0
[12,] 0.00000000 0.00000000 0.00000000 0.00000000 0.00642915    0    0    0    0     0     0     0     0     0     0     0     0
[13,] 0.00000000 0.00000000 0.00000000 0.00000000 0.00642915    0    0    0    0     0     0     0     0     0     0     0     0
[14,] 0.00000000 0.00000000 0.00000000 0.00000000 0.00642915    0    0    0    0     0     0     0     0     0     0     0     0
[15,] 0.00000000 0.00000000 0.00000000 0.00000000 0.00642915    0    0    0    0     0     0     0     0     0     0     0     0
[16,] 0.00000000 0.00000000 0.00000000 0.00000000 0.00642915    0    0    0    0     0     0     0     0     0     0     0     0
[17,] 0.00000000 0.00000000 0.00000000 0.00000000 0.00642915    0    0    0    0     0     0     0     0     0     0     0     0


[[1]][[4]]
[[1]][[4]]$partition
[[1]][[4]]$partition$a
[1] "L._humile"

[[1]][[4]]$partition$b
 [1] "A._pisum"            "A._cephalotes"       "A._echinatior"       "S._invicta"          "C._floridanus"       "P._barbatus"         "H._saltator"        
 [8] "A._florea"           "A._mellifera"        "B._impatiens"        "B._terrestris"       "N._vitripennis"      "B._mori"             "C._quinquefasciatus"
[15] "D._melanogaster"     "T._castaneum"       


[[1]][[4]]$isolation_index
[1] 0.0106949

[[1]][[4]]$matrix
           [,1]      [,2]      [,3]      [,4]      [,5]      [,6] [,7] [,8] [,9] [,10] [,11] [,12] [,13] [,14] [,15] [,16] [,17]
 [1,] 0.0000000 0.0000000 0.0000000 0.0000000 0.0000000 0.0000000    0    0    0     0     0     0     0     0     0     0     0
 [2,] 0.0000000 0.0000000 0.0000000 0.0000000 0.0000000 0.0000000    0    0    0     0     0     0     0     0     0     0     0
 [3,] 0.0000000 0.0000000 0.0000000 0.0000000 0.0000000 0.0000000    0    0    0     0     0     0     0     0     0     0     0
 [4,] 0.0000000 0.0000000 0.0000000 0.0000000 0.0000000 0.0000000    0    0    0     0     0     0     0     0     0     0     0
 [5,] 0.0000000 0.0000000 0.0000000 0.0000000 0.0000000 0.0000000    0    0    0     0     0     0     0     0     0     0     0
 [6,] 0.0106949 0.0106949 0.0106949 0.0106949 0.0106949 0.0000000    0    0    0     0     0     0     0     0     0     0     0
 [7,] 0.0000000 0.0000000 0.0000000 0.0000000 0.0000000 0.0106949    0    0    0     0     0     0     0     0     0     0     0
 [8,] 0.0000000 0.0000000 0.0000000 0.0000000 0.0000000 0.0106949    0    0    0     0     0     0     0     0     0     0     0
 [9,] 0.0000000 0.0000000 0.0000000 0.0000000 0.0000000 0.0106949    0    0    0     0     0     0     0     0     0     0     0
[10,] 0.0000000 0.0000000 0.0000000 0.0000000 0.0000000 0.0106949    0    0    0     0     0     0     0     0     0     0     0
[11,] 0.0000000 0.0000000 0.0000000 0.0000000 0.0000000 0.0106949    0    0    0     0     0     0     0     0     0     0     0
[12,] 0.0000000 0.0000000 0.0000000 0.0000000 0.0000000 0.0106949    0    0    0     0     0     0     0     0     0     0     0
[13,] 0.0000000 0.0000000 0.0000000 0.0000000 0.0000000 0.0106949    0    0    0     0     0     0     0     0     0     0     0
[14,] 0.0000000 0.0000000 0.0000000 0.0000000 0.0000000 0.0106949    0    0    0     0     0     0     0     0     0     0     0
[15,] 0.0000000 0.0000000 0.0000000 0.0000000 0.0000000 0.0106949    0    0    0     0     0     0     0     0     0     0     0
[16,] 0.0000000 0.0000000 0.0000000 0.0000000 0.0000000 0.0106949    0    0    0     0     0     0     0     0     0     0     0
[17,] 0.0000000 0.0000000 0.0000000 0.0000000 0.0000000 0.0106949    0    0    0     0     0     0     0     0     0     0     0


[[1]][[5]]
[[1]][[5]]$partition
[[1]][[5]]$partition$a
[1] "P._barbatus"

[[1]][[5]]$partition$b
 [1] "A._pisum"            "A._cephalotes"       "A._echinatior"       "S._invicta"          "C._floridanus"       "L._humile"           "H._saltator"        
 [8] "A._florea"           "A._mellifera"        "B._impatiens"        "B._terrestris"       "N._vitripennis"      "B._mori"             "C._quinquefasciatus"
[15] "D._melanogaster"     "T._castaneum"       


[[1]][[5]]$isolation_index
[1] 0.0094642

[[1]][[5]]$matrix
           [,1]      [,2]      [,3]      [,4]      [,5]      [,6]      [,7] [,8] [,9] [,10] [,11] [,12] [,13] [,14] [,15] [,16] [,17]
 [1,] 0.0000000 0.0000000 0.0000000 0.0000000 0.0000000 0.0000000 0.0000000    0    0     0     0     0     0     0     0     0     0
 [2,] 0.0000000 0.0000000 0.0000000 0.0000000 0.0000000 0.0000000 0.0000000    0    0     0     0     0     0     0     0     0     0
 [3,] 0.0000000 0.0000000 0.0000000 0.0000000 0.0000000 0.0000000 0.0000000    0    0     0     0     0     0     0     0     0     0
 [4,] 0.0000000 0.0000000 0.0000000 0.0000000 0.0000000 0.0000000 0.0000000    0    0     0     0     0     0     0     0     0     0
 [5,] 0.0000000 0.0000000 0.0000000 0.0000000 0.0000000 0.0000000 0.0000000    0    0     0     0     0     0     0     0     0     0
 [6,] 0.0000000 0.0000000 0.0000000 0.0000000 0.0000000 0.0000000 0.0000000    0    0     0     0     0     0     0     0     0     0
 [7,] 0.0094642 0.0094642 0.0094642 0.0094642 0.0094642 0.0094642 0.0000000    0    0     0     0     0     0     0     0     0     0
 [8,] 0.0000000 0.0000000 0.0000000 0.0000000 0.0000000 0.0000000 0.0094642    0    0     0     0     0     0     0     0     0     0
 [9,] 0.0000000 0.0000000 0.0000000 0.0000000 0.0000000 0.0000000 0.0094642    0    0     0     0     0     0     0     0     0     0
[10,] 0.0000000 0.0000000 0.0000000 0.0000000 0.0000000 0.0000000 0.0094642    0    0     0     0     0     0     0     0     0     0
[11,] 0.0000000 0.0000000 0.0000000 0.0000000 0.0000000 0.0000000 0.0094642    0    0     0     0     0     0     0     0     0     0
[12,] 0.0000000 0.0000000 0.0000000 0.0000000 0.0000000 0.0000000 0.0094642    0    0     0     0     0     0     0     0     0     0
[13,] 0.0000000 0.0000000 0.0000000 0.0000000 0.0000000 0.0000000 0.0094642    0    0     0     0     0     0     0     0     0     0
[14,] 0.0000000 0.0000000 0.0000000 0.0000000 0.0000000 0.0000000 0.0094642    0    0     0     0     0     0     0     0     0     0
[15,] 0.0000000 0.0000000 0.0000000 0.0000000 0.0000000 0.0000000 0.0094642    0    0     0     0     0     0     0     0     0     0
[16,] 0.0000000 0.0000000 0.0000000 0.0000000 0.0000000 0.0000000 0.0094642    0    0     0     0     0     0     0     0     0     0
[17,] 0.0000000 0.0000000 0.0000000 0.0000000 0.0000000 0.0000000 0.0094642    0    0     0     0     0     0     0     0     0     0


[[1]][[6]]
[[1]][[6]]$partition
[[1]][[6]]$partition$a
[1] "H._saltator"

[[1]][[6]]$partition$b
 [1] "A._pisum"            "A._cephalotes"       "A._echinatior"       "S._invicta"          "C._floridanus"       "L._humile"           "P._barbatus"        
 [8] "A._florea"           "A._mellifera"        "B._impatiens"        "B._terrestris"       "N._vitripennis"      "B._mori"             "C._quinquefasciatus"
[15] "D._melanogaster"     "T._castaneum"       


[[1]][[6]]$isolation_index
[1] 0.01236055

[[1]][[6]]$matrix
            [,1]       [,2]       [,3]       [,4]       [,5]       [,6]       [,7]       [,8] [,9] [,10] [,11] [,12] [,13] [,14] [,15] [,16] [,17]
 [1,] 0.00000000 0.00000000 0.00000000 0.00000000 0.00000000 0.00000000 0.00000000 0.00000000    0     0     0     0     0     0     0     0     0
 [2,] 0.00000000 0.00000000 0.00000000 0.00000000 0.00000000 0.00000000 0.00000000 0.00000000    0     0     0     0     0     0     0     0     0
 [3,] 0.00000000 0.00000000 0.00000000 0.00000000 0.00000000 0.00000000 0.00000000 0.00000000    0     0     0     0     0     0     0     0     0
 [4,] 0.00000000 0.00000000 0.00000000 0.00000000 0.00000000 0.00000000 0.00000000 0.00000000    0     0     0     0     0     0     0     0     0
 [5,] 0.00000000 0.00000000 0.00000000 0.00000000 0.00000000 0.00000000 0.00000000 0.00000000    0     0     0     0     0     0     0     0     0
 [6,] 0.00000000 0.00000000 0.00000000 0.00000000 0.00000000 0.00000000 0.00000000 0.00000000    0     0     0     0     0     0     0     0     0
 [7,] 0.00000000 0.00000000 0.00000000 0.00000000 0.00000000 0.00000000 0.00000000 0.00000000    0     0     0     0     0     0     0     0     0
 [8,] 0.01236055 0.01236055 0.01236055 0.01236055 0.01236055 0.01236055 0.01236055 0.00000000    0     0     0     0     0     0     0     0     0
 [9,] 0.00000000 0.00000000 0.00000000 0.00000000 0.00000000 0.00000000 0.00000000 0.01236055    0     0     0     0     0     0     0     0     0
[10,] 0.00000000 0.00000000 0.00000000 0.00000000 0.00000000 0.00000000 0.00000000 0.01236055    0     0     0     0     0     0     0     0     0
[11,] 0.00000000 0.00000000 0.00000000 0.00000000 0.00000000 0.00000000 0.00000000 0.01236055    0     0     0     0     0     0     0     0     0
[12,] 0.00000000 0.00000000 0.00000000 0.00000000 0.00000000 0.00000000 0.00000000 0.01236055    0     0     0     0     0     0     0     0     0
[13,] 0.00000000 0.00000000 0.00000000 0.00000000 0.00000000 0.00000000 0.00000000 0.01236055    0     0     0     0     0     0     0     0     0
[14,] 0.00000000 0.00000000 0.00000000 0.00000000 0.00000000 0.00000000 0.00000000 0.01236055    0     0     0     0     0     0     0     0     0
[15,] 0.00000000 0.00000000 0.00000000 0.00000000 0.00000000 0.00000000 0.00000000 0.01236055    0     0     0     0     0     0     0     0     0
[16,] 0.00000000 0.00000000 0.00000000 0.00000000 0.00000000 0.00000000 0.00000000 0.01236055    0     0     0     0     0     0     0     0     0
[17,] 0.00000000 0.00000000 0.00000000 0.00000000 0.00000000 0.00000000 0.00000000 0.01236055    0     0     0     0     0     0     0     0     0


[[1]][[7]]
[[1]][[7]]$partition
[[1]][[7]]$partition$a
[1] "A._florea"

[[1]][[7]]$partition$b
 [1] "A._pisum"            "A._cephalotes"       "A._echinatior"       "S._invicta"          "C._floridanus"       "L._humile"           "P._barbatus"        
 [8] "H._saltator"         "A._mellifera"        "B._impatiens"        "B._terrestris"       "N._vitripennis"      "B._mori"             "C._quinquefasciatus"
[15] "D._melanogaster"     "T._castaneum"       


[[1]][[7]]$isolation_index
[1] 0.00047155

[[1]][[7]]$matrix
            [,1]       [,2]       [,3]       [,4]       [,5]       [,6]       [,7]       [,8]       [,9] [,10] [,11] [,12] [,13] [,14] [,15] [,16] [,17]
 [1,] 0.00000000 0.00000000 0.00000000 0.00000000 0.00000000 0.00000000 0.00000000 0.00000000 0.00000000     0     0     0     0     0     0     0     0
 [2,] 0.00000000 0.00000000 0.00000000 0.00000000 0.00000000 0.00000000 0.00000000 0.00000000 0.00000000     0     0     0     0     0     0     0     0
 [3,] 0.00000000 0.00000000 0.00000000 0.00000000 0.00000000 0.00000000 0.00000000 0.00000000 0.00000000     0     0     0     0     0     0     0     0
 [4,] 0.00000000 0.00000000 0.00000000 0.00000000 0.00000000 0.00000000 0.00000000 0.00000000 0.00000000     0     0     0     0     0     0     0     0
 [5,] 0.00000000 0.00000000 0.00000000 0.00000000 0.00000000 0.00000000 0.00000000 0.00000000 0.00000000     0     0     0     0     0     0     0     0
 [6,] 0.00000000 0.00000000 0.00000000 0.00000000 0.00000000 0.00000000 0.00000000 0.00000000 0.00000000     0     0     0     0     0     0     0     0
 [7,] 0.00000000 0.00000000 0.00000000 0.00000000 0.00000000 0.00000000 0.00000000 0.00000000 0.00000000     0     0     0     0     0     0     0     0
 [8,] 0.00000000 0.00000000 0.00000000 0.00000000 0.00000000 0.00000000 0.00000000 0.00000000 0.00000000     0     0     0     0     0     0     0     0
 [9,] 0.00047155 0.00047155 0.00047155 0.00047155 0.00047155 0.00047155 0.00047155 0.00047155 0.00000000     0     0     0     0     0     0     0     0
[10,] 0.00000000 0.00000000 0.00000000 0.00000000 0.00000000 0.00000000 0.00000000 0.00000000 0.00047155     0     0     0     0     0     0     0     0
[11,] 0.00000000 0.00000000 0.00000000 0.00000000 0.00000000 0.00000000 0.00000000 0.00000000 0.00047155     0     0     0     0     0     0     0     0
[12,] 0.00000000 0.00000000 0.00000000 0.00000000 0.00000000 0.00000000 0.00000000 0.00000000 0.00047155     0     0     0     0     0     0     0     0
[13,] 0.00000000 0.00000000 0.00000000 0.00000000 0.00000000 0.00000000 0.00000000 0.00000000 0.00047155     0     0     0     0     0     0     0     0
[14,] 0.00000000 0.00000000 0.00000000 0.00000000 0.00000000 0.00000000 0.00000000 0.00000000 0.00047155     0     0     0     0     0     0     0     0
[15,] 0.00000000 0.00000000 0.00000000 0.00000000 0.00000000 0.00000000 0.00000000 0.00000000 0.00047155     0     0     0     0     0     0     0     0
[16,] 0.00000000 0.00000000 0.00000000 0.00000000 0.00000000 0.00000000 0.00000000 0.00000000 0.00047155     0     0     0     0     0     0     0     0
[17,] 0.00000000 0.00000000 0.00000000 0.00000000 0.00000000 0.00000000 0.00000000 0.00000000 0.00047155     0     0     0     0     0     0     0     0


[[1]][[8]]
[[1]][[8]]$partition
[[1]][[8]]$partition$a
[1] "A._mellifera"

[[1]][[8]]$partition$b
 [1] "A._pisum"            "A._cephalotes"       "A._echinatior"       "S._invicta"          "C._floridanus"       "L._humile"           "P._barbatus"        
 [8] "H._saltator"         "A._florea"           "B._impatiens"        "B._terrestris"       "N._vitripennis"      "B._mori"             "C._quinquefasciatus"
[15] "D._melanogaster"     "T._castaneum"       


[[1]][[8]]$isolation_index
[1] 0.00041965

[[1]][[8]]$matrix
            [,1]       [,2]       [,3]       [,4]       [,5]       [,6]       [,7]       [,8]       [,9]      [,10] [,11] [,12] [,13] [,14] [,15] [,16] [,17]
 [1,] 0.00000000 0.00000000 0.00000000 0.00000000 0.00000000 0.00000000 0.00000000 0.00000000 0.00000000 0.00000000     0     0     0     0     0     0     0
 [2,] 0.00000000 0.00000000 0.00000000 0.00000000 0.00000000 0.00000000 0.00000000 0.00000000 0.00000000 0.00000000     0     0     0     0     0     0     0
 [3,] 0.00000000 0.00000000 0.00000000 0.00000000 0.00000000 0.00000000 0.00000000 0.00000000 0.00000000 0.00000000     0     0     0     0     0     0     0
 [4,] 0.00000000 0.00000000 0.00000000 0.00000000 0.00000000 0.00000000 0.00000000 0.00000000 0.00000000 0.00000000     0     0     0     0     0     0     0
 [5,] 0.00000000 0.00000000 0.00000000 0.00000000 0.00000000 0.00000000 0.00000000 0.00000000 0.00000000 0.00000000     0     0     0     0     0     0     0
 [6,] 0.00000000 0.00000000 0.00000000 0.00000000 0.00000000 0.00000000 0.00000000 0.00000000 0.00000000 0.00000000     0     0     0     0     0     0     0
 [7,] 0.00000000 0.00000000 0.00000000 0.00000000 0.00000000 0.00000000 0.00000000 0.00000000 0.00000000 0.00000000     0     0     0     0     0     0     0
 [8,] 0.00000000 0.00000000 0.00000000 0.00000000 0.00000000 0.00000000 0.00000000 0.00000000 0.00000000 0.00000000     0     0     0     0     0     0     0
 [9,] 0.00000000 0.00000000 0.00000000 0.00000000 0.00000000 0.00000000 0.00000000 0.00000000 0.00000000 0.00000000     0     0     0     0     0     0     0
[10,] 0.00041965 0.00041965 0.00041965 0.00041965 0.00041965 0.00041965 0.00041965 0.00041965 0.00041965 0.00000000     0     0     0     0     0     0     0
[11,] 0.00000000 0.00000000 0.00000000 0.00000000 0.00000000 0.00000000 0.00000000 0.00000000 0.00000000 0.00041965     0     0     0     0     0     0     0
[12,] 0.00000000 0.00000000 0.00000000 0.00000000 0.00000000 0.00000000 0.00000000 0.00000000 0.00000000 0.00041965     0     0     0     0     0     0     0
[13,] 0.00000000 0.00000000 0.00000000 0.00000000 0.00000000 0.00000000 0.00000000 0.00000000 0.00000000 0.00041965     0     0     0     0     0     0     0
[14,] 0.00000000 0.00000000 0.00000000 0.00000000 0.00000000 0.00000000 0.00000000 0.00000000 0.00000000 0.00041965     0     0     0     0     0     0     0
[15,] 0.00000000 0.00000000 0.00000000 0.00000000 0.00000000 0.00000000 0.00000000 0.00000000 0.00000000 0.00041965     0     0     0     0     0     0     0
[16,] 0.00000000 0.00000000 0.00000000 0.00000000 0.00000000 0.00000000 0.00000000 0.00000000 0.00000000 0.00041965     0     0     0     0     0     0     0
[17,] 0.00000000 0.00000000 0.00000000 0.00000000 0.00000000 0.00000000 0.00000000 0.00000000 0.00000000 0.00041965     0     0     0     0     0     0     0


[[1]][[9]]
[[1]][[9]]$partition
[[1]][[9]]$partition$a
[1] "B._impatiens"

[[1]][[9]]$partition$b
 [1] "A._pisum"            "A._cephalotes"       "A._echinatior"       "S._invicta"          "C._floridanus"       "L._humile"           "P._barbatus"        
 [8] "H._saltator"         "A._florea"           "A._mellifera"        "B._terrestris"       "N._vitripennis"      "B._mori"             "C._quinquefasciatus"
[15] "D._melanogaster"     "T._castaneum"       


[[1]][[9]]$isolation_index
[1] 0.0012949

[[1]][[9]]$matrix
           [,1]      [,2]      [,3]      [,4]      [,5]      [,6]      [,7]      [,8]      [,9]     [,10]     [,11] [,12] [,13] [,14] [,15] [,16] [,17]
 [1,] 0.0000000 0.0000000 0.0000000 0.0000000 0.0000000 0.0000000 0.0000000 0.0000000 0.0000000 0.0000000 0.0000000     0     0     0     0     0     0
 [2,] 0.0000000 0.0000000 0.0000000 0.0000000 0.0000000 0.0000000 0.0000000 0.0000000 0.0000000 0.0000000 0.0000000     0     0     0     0     0     0
 [3,] 0.0000000 0.0000000 0.0000000 0.0000000 0.0000000 0.0000000 0.0000000 0.0000000 0.0000000 0.0000000 0.0000000     0     0     0     0     0     0
 [4,] 0.0000000 0.0000000 0.0000000 0.0000000 0.0000000 0.0000000 0.0000000 0.0000000 0.0000000 0.0000000 0.0000000     0     0     0     0     0     0
 [5,] 0.0000000 0.0000000 0.0000000 0.0000000 0.0000000 0.0000000 0.0000000 0.0000000 0.0000000 0.0000000 0.0000000     0     0     0     0     0     0
 [6,] 0.0000000 0.0000000 0.0000000 0.0000000 0.0000000 0.0000000 0.0000000 0.0000000 0.0000000 0.0000000 0.0000000     0     0     0     0     0     0
 [7,] 0.0000000 0.0000000 0.0000000 0.0000000 0.0000000 0.0000000 0.0000000 0.0000000 0.0000000 0.0000000 0.0000000     0     0     0     0     0     0
 [8,] 0.0000000 0.0000000 0.0000000 0.0000000 0.0000000 0.0000000 0.0000000 0.0000000 0.0000000 0.0000000 0.0000000     0     0     0     0     0     0
 [9,] 0.0000000 0.0000000 0.0000000 0.0000000 0.0000000 0.0000000 0.0000000 0.0000000 0.0000000 0.0000000 0.0000000     0     0     0     0     0     0
[10,] 0.0000000 0.0000000 0.0000000 0.0000000 0.0000000 0.0000000 0.0000000 0.0000000 0.0000000 0.0000000 0.0000000     0     0     0     0     0     0
[11,] 0.0012949 0.0012949 0.0012949 0.0012949 0.0012949 0.0012949 0.0012949 0.0012949 0.0012949 0.0012949 0.0000000     0     0     0     0     0     0
[12,] 0.0000000 0.0000000 0.0000000 0.0000000 0.0000000 0.0000000 0.0000000 0.0000000 0.0000000 0.0000000 0.0012949     0     0     0     0     0     0
[13,] 0.0000000 0.0000000 0.0000000 0.0000000 0.0000000 0.0000000 0.0000000 0.0000000 0.0000000 0.0000000 0.0012949     0     0     0     0     0     0
[14,] 0.0000000 0.0000000 0.0000000 0.0000000 0.0000000 0.0000000 0.0000000 0.0000000 0.0000000 0.0000000 0.0012949     0     0     0     0     0     0
[15,] 0.0000000 0.0000000 0.0000000 0.0000000 0.0000000 0.0000000 0.0000000 0.0000000 0.0000000 0.0000000 0.0012949     0     0     0     0     0     0
[16,] 0.0000000 0.0000000 0.0000000 0.0000000 0.0000000 0.0000000 0.0000000 0.0000000 0.0000000 0.0000000 0.0012949     0     0     0     0     0     0
[17,] 0.0000000 0.0000000 0.0000000 0.0000000 0.0000000 0.0000000 0.0000000 0.0000000 0.0000000 0.0000000 0.0012949     0     0     0     0     0     0


[[1]][[10]]
[[1]][[10]]$partition
[[1]][[10]]$partition$a
[1] "N._vitripennis"

[[1]][[10]]$partition$b
 [1] "A._pisum"            "A._cephalotes"       "A._echinatior"       "S._invicta"          "C._floridanus"       "L._humile"           "P._barbatus"        
 [8] "H._saltator"         "A._florea"           "A._mellifera"        "B._impatiens"        "B._terrestris"       "B._mori"             "C._quinquefasciatus"
[15] "D._melanogaster"     "T._castaneum"       


[[1]][[10]]$isolation_index
[1] 0.01325135

[[1]][[10]]$matrix
            [,1]       [,2]       [,3]       [,4]       [,5]       [,6]       [,7]       [,8]       [,9]      [,10]      [,11]      [,12]      [,13] [,14] [,15] [,16]
 [1,] 0.00000000 0.00000000 0.00000000 0.00000000 0.00000000 0.00000000 0.00000000 0.00000000 0.00000000 0.00000000 0.00000000 0.00000000 0.00000000     0     0     0
 [2,] 0.00000000 0.00000000 0.00000000 0.00000000 0.00000000 0.00000000 0.00000000 0.00000000 0.00000000 0.00000000 0.00000000 0.00000000 0.00000000     0     0     0
 [3,] 0.00000000 0.00000000 0.00000000 0.00000000 0.00000000 0.00000000 0.00000000 0.00000000 0.00000000 0.00000000 0.00000000 0.00000000 0.00000000     0     0     0
 [4,] 0.00000000 0.00000000 0.00000000 0.00000000 0.00000000 0.00000000 0.00000000 0.00000000 0.00000000 0.00000000 0.00000000 0.00000000 0.00000000     0     0     0
 [5,] 0.00000000 0.00000000 0.00000000 0.00000000 0.00000000 0.00000000 0.00000000 0.00000000 0.00000000 0.00000000 0.00000000 0.00000000 0.00000000     0     0     0
 [6,] 0.00000000 0.00000000 0.00000000 0.00000000 0.00000000 0.00000000 0.00000000 0.00000000 0.00000000 0.00000000 0.00000000 0.00000000 0.00000000     0     0     0
 [7,] 0.00000000 0.00000000 0.00000000 0.00000000 0.00000000 0.00000000 0.00000000 0.00000000 0.00000000 0.00000000 0.00000000 0.00000000 0.00000000     0     0     0
 [8,] 0.00000000 0.00000000 0.00000000 0.00000000 0.00000000 0.00000000 0.00000000 0.00000000 0.00000000 0.00000000 0.00000000 0.00000000 0.00000000     0     0     0
 [9,] 0.00000000 0.00000000 0.00000000 0.00000000 0.00000000 0.00000000 0.00000000 0.00000000 0.00000000 0.00000000 0.00000000 0.00000000 0.00000000     0     0     0
[10,] 0.00000000 0.00000000 0.00000000 0.00000000 0.00000000 0.00000000 0.00000000 0.00000000 0.00000000 0.00000000 0.00000000 0.00000000 0.00000000     0     0     0
[11,] 0.00000000 0.00000000 0.00000000 0.00000000 0.00000000 0.00000000 0.00000000 0.00000000 0.00000000 0.00000000 0.00000000 0.00000000 0.00000000     0     0     0
[12,] 0.00000000 0.00000000 0.00000000 0.00000000 0.00000000 0.00000000 0.00000000 0.00000000 0.00000000 0.00000000 0.00000000 0.00000000 0.00000000     0     0     0
[13,] 0.01325135 0.01325135 0.01325135 0.01325135 0.01325135 0.01325135 0.01325135 0.01325135 0.01325135 0.01325135 0.01325135 0.01325135 0.00000000     0     0     0
[14,] 0.00000000 0.00000000 0.00000000 0.00000000 0.00000000 0.00000000 0.00000000 0.00000000 0.00000000 0.00000000 0.00000000 0.00000000 0.01325135     0     0     0
[15,] 0.00000000 0.00000000 0.00000000 0.00000000 0.00000000 0.00000000 0.00000000 0.00000000 0.00000000 0.00000000 0.00000000 0.00000000 0.01325135     0     0     0
[16,] 0.00000000 0.00000000 0.00000000 0.00000000 0.00000000 0.00000000 0.00000000 0.00000000 0.00000000 0.00000000 0.00000000 0.00000000 0.01325135     0     0     0
[17,] 0.00000000 0.00000000 0.00000000 0.00000000 0.00000000 0.00000000 0.00000000 0.00000000 0.00000000 0.00000000 0.00000000 0.00000000 0.01325135     0     0     0
      [,17]
 [1,]     0
 [2,]     0
 [3,]     0
 [4,]     0
 [5,]     0
 [6,]     0
 [7,]     0
 [8,]     0
 [9,]     0
[10,]     0
[11,]     0
[12,]     0
[13,]     0
[14,]     0
[15,]     0
[16,]     0
[17,]     0


[[1]][[11]]
[[1]][[11]]$partition
[[1]][[11]]$partition$a
[1] "B._mori"

[[1]][[11]]$partition$b
 [1] "A._pisum"            "A._cephalotes"       "A._echinatior"       "S._invicta"          "C._floridanus"       "L._humile"           "P._barbatus"        
 [8] "H._saltator"         "A._florea"           "A._mellifera"        "B._impatiens"        "B._terrestris"       "N._vitripennis"      "C._quinquefasciatus"
[15] "D._melanogaster"     "T._castaneum"       


[[1]][[11]]$isolation_index
[1] 0.04955345

[[1]][[11]]$matrix
            [,1]       [,2]       [,3]       [,4]       [,5]       [,6]       [,7]       [,8]       [,9]      [,10]      [,11]      [,12]      [,13]      [,14] [,15]
 [1,] 0.00000000 0.00000000 0.00000000 0.00000000 0.00000000 0.00000000 0.00000000 0.00000000 0.00000000 0.00000000 0.00000000 0.00000000 0.00000000 0.00000000     0
 [2,] 0.00000000 0.00000000 0.00000000 0.00000000 0.00000000 0.00000000 0.00000000 0.00000000 0.00000000 0.00000000 0.00000000 0.00000000 0.00000000 0.00000000     0
 [3,] 0.00000000 0.00000000 0.00000000 0.00000000 0.00000000 0.00000000 0.00000000 0.00000000 0.00000000 0.00000000 0.00000000 0.00000000 0.00000000 0.00000000     0
 [4,] 0.00000000 0.00000000 0.00000000 0.00000000 0.00000000 0.00000000 0.00000000 0.00000000 0.00000000 0.00000000 0.00000000 0.00000000 0.00000000 0.00000000     0
 [5,] 0.00000000 0.00000000 0.00000000 0.00000000 0.00000000 0.00000000 0.00000000 0.00000000 0.00000000 0.00000000 0.00000000 0.00000000 0.00000000 0.00000000     0
 [6,] 0.00000000 0.00000000 0.00000000 0.00000000 0.00000000 0.00000000 0.00000000 0.00000000 0.00000000 0.00000000 0.00000000 0.00000000 0.00000000 0.00000000     0
 [7,] 0.00000000 0.00000000 0.00000000 0.00000000 0.00000000 0.00000000 0.00000000 0.00000000 0.00000000 0.00000000 0.00000000 0.00000000 0.00000000 0.00000000     0
 [8,] 0.00000000 0.00000000 0.00000000 0.00000000 0.00000000 0.00000000 0.00000000 0.00000000 0.00000000 0.00000000 0.00000000 0.00000000 0.00000000 0.00000000     0
 [9,] 0.00000000 0.00000000 0.00000000 0.00000000 0.00000000 0.00000000 0.00000000 0.00000000 0.00000000 0.00000000 0.00000000 0.00000000 0.00000000 0.00000000     0
[10,] 0.00000000 0.00000000 0.00000000 0.00000000 0.00000000 0.00000000 0.00000000 0.00000000 0.00000000 0.00000000 0.00000000 0.00000000 0.00000000 0.00000000     0
[11,] 0.00000000 0.00000000 0.00000000 0.00000000 0.00000000 0.00000000 0.00000000 0.00000000 0.00000000 0.00000000 0.00000000 0.00000000 0.00000000 0.00000000     0
[12,] 0.00000000 0.00000000 0.00000000 0.00000000 0.00000000 0.00000000 0.00000000 0.00000000 0.00000000 0.00000000 0.00000000 0.00000000 0.00000000 0.00000000     0
[13,] 0.00000000 0.00000000 0.00000000 0.00000000 0.00000000 0.00000000 0.00000000 0.00000000 0.00000000 0.00000000 0.00000000 0.00000000 0.00000000 0.00000000     0
[14,] 0.04955345 0.04955345 0.04955345 0.04955345 0.04955345 0.04955345 0.04955345 0.04955345 0.04955345 0.04955345 0.04955345 0.04955345 0.04955345 0.00000000     0
[15,] 0.00000000 0.00000000 0.00000000 0.00000000 0.00000000 0.00000000 0.00000000 0.00000000 0.00000000 0.00000000 0.00000000 0.00000000 0.00000000 0.04955345     0
[16,] 0.00000000 0.00000000 0.00000000 0.00000000 0.00000000 0.00000000 0.00000000 0.00000000 0.00000000 0.00000000 0.00000000 0.00000000 0.00000000 0.04955345     0
[17,] 0.00000000 0.00000000 0.00000000 0.00000000 0.00000000 0.00000000 0.00000000 0.00000000 0.00000000 0.00000000 0.00000000 0.00000000 0.00000000 0.04955345     0
      [,16] [,17]
 [1,]     0     0
 [2,]     0     0
 [3,]     0     0
 [4,]     0     0
 [5,]     0     0
 [6,]     0     0
 [7,]     0     0
 [8,]     0     0
 [9,]     0     0
[10,]     0     0
[11,]     0     0
[12,]     0     0
[13,]     0     0
[14,]     0     0
[15,]     0     0
[16,]     0     0
[17,]     0     0


[[1]][[12]]
[[1]][[12]]$partition
[[1]][[12]]$partition$a
[1] "C._quinquefasciatus"

[[1]][[12]]$partition$b
 [1] "A._pisum"        "A._cephalotes"   "A._echinatior"   "S._invicta"      "C._floridanus"   "L._humile"       "P._barbatus"     "H._saltator"     "A._florea"      
[10] "A._mellifera"    "B._impatiens"    "B._terrestris"   "N._vitripennis"  "B._mori"         "D._melanogaster" "T._castaneum"   


[[1]][[12]]$isolation_index
[1] 0.05498105

[[1]][[12]]$matrix
            [,1]       [,2]       [,3]       [,4]       [,5]       [,6]       [,7]       [,8]       [,9]      [,10]      [,11]      [,12]      [,13]      [,14]
 [1,] 0.00000000 0.00000000 0.00000000 0.00000000 0.00000000 0.00000000 0.00000000 0.00000000 0.00000000 0.00000000 0.00000000 0.00000000 0.00000000 0.00000000
 [2,] 0.00000000 0.00000000 0.00000000 0.00000000 0.00000000 0.00000000 0.00000000 0.00000000 0.00000000 0.00000000 0.00000000 0.00000000 0.00000000 0.00000000
 [3,] 0.00000000 0.00000000 0.00000000 0.00000000 0.00000000 0.00000000 0.00000000 0.00000000 0.00000000 0.00000000 0.00000000 0.00000000 0.00000000 0.00000000
 [4,] 0.00000000 0.00000000 0.00000000 0.00000000 0.00000000 0.00000000 0.00000000 0.00000000 0.00000000 0.00000000 0.00000000 0.00000000 0.00000000 0.00000000
 [5,] 0.00000000 0.00000000 0.00000000 0.00000000 0.00000000 0.00000000 0.00000000 0.00000000 0.00000000 0.00000000 0.00000000 0.00000000 0.00000000 0.00000000
 [6,] 0.00000000 0.00000000 0.00000000 0.00000000 0.00000000 0.00000000 0.00000000 0.00000000 0.00000000 0.00000000 0.00000000 0.00000000 0.00000000 0.00000000
 [7,] 0.00000000 0.00000000 0.00000000 0.00000000 0.00000000 0.00000000 0.00000000 0.00000000 0.00000000 0.00000000 0.00000000 0.00000000 0.00000000 0.00000000
 [8,] 0.00000000 0.00000000 0.00000000 0.00000000 0.00000000 0.00000000 0.00000000 0.00000000 0.00000000 0.00000000 0.00000000 0.00000000 0.00000000 0.00000000
 [9,] 0.00000000 0.00000000 0.00000000 0.00000000 0.00000000 0.00000000 0.00000000 0.00000000 0.00000000 0.00000000 0.00000000 0.00000000 0.00000000 0.00000000
[10,] 0.00000000 0.00000000 0.00000000 0.00000000 0.00000000 0.00000000 0.00000000 0.00000000 0.00000000 0.00000000 0.00000000 0.00000000 0.00000000 0.00000000
[11,] 0.00000000 0.00000000 0.00000000 0.00000000 0.00000000 0.00000000 0.00000000 0.00000000 0.00000000 0.00000000 0.00000000 0.00000000 0.00000000 0.00000000
[12,] 0.00000000 0.00000000 0.00000000 0.00000000 0.00000000 0.00000000 0.00000000 0.00000000 0.00000000 0.00000000 0.00000000 0.00000000 0.00000000 0.00000000
[13,] 0.00000000 0.00000000 0.00000000 0.00000000 0.00000000 0.00000000 0.00000000 0.00000000 0.00000000 0.00000000 0.00000000 0.00000000 0.00000000 0.00000000
[14,] 0.00000000 0.00000000 0.00000000 0.00000000 0.00000000 0.00000000 0.00000000 0.00000000 0.00000000 0.00000000 0.00000000 0.00000000 0.00000000 0.00000000
[15,] 0.05498105 0.05498105 0.05498105 0.05498105 0.05498105 0.05498105 0.05498105 0.05498105 0.05498105 0.05498105 0.05498105 0.05498105 0.05498105 0.05498105
[16,] 0.00000000 0.00000000 0.00000000 0.00000000 0.00000000 0.00000000 0.00000000 0.00000000 0.00000000 0.00000000 0.00000000 0.00000000 0.00000000 0.00000000
[17,] 0.00000000 0.00000000 0.00000000 0.00000000 0.00000000 0.00000000 0.00000000 0.00000000 0.00000000 0.00000000 0.00000000 0.00000000 0.00000000 0.00000000
           [,15] [,16] [,17]
 [1,] 0.00000000     0     0
 [2,] 0.00000000     0     0
 [3,] 0.00000000     0     0
 [4,] 0.00000000     0     0
 [5,] 0.00000000     0     0
 [6,] 0.00000000     0     0
 [7,] 0.00000000     0     0
 [8,] 0.00000000     0     0
 [9,] 0.00000000     0     0
[10,] 0.00000000     0     0
[11,] 0.00000000     0     0
[12,] 0.00000000     0     0
[13,] 0.00000000     0     0
[14,] 0.00000000     0     0
[15,] 0.00000000     0     0
[16,] 0.05498105     0     0
[17,] 0.05498105     0     0


[[1]][[13]]
[[1]][[13]]$partition
[[1]][[13]]$partition$a
[1] "D._melanogaster"

[[1]][[13]]$partition$b
 [1] "A._pisum"            "A._cephalotes"       "A._echinatior"       "S._invicta"          "C._floridanus"       "L._humile"           "P._barbatus"        
 [8] "H._saltator"         "A._florea"           "A._mellifera"        "B._impatiens"        "B._terrestris"       "N._vitripennis"      "B._mori"            
[15] "C._quinquefasciatus" "T._castaneum"       


[[1]][[13]]$isolation_index
[1] 0.0456722

[[1]][[13]]$matrix
           [,1]      [,2]      [,3]      [,4]      [,5]      [,6]      [,7]      [,8]      [,9]     [,10]     [,11]     [,12]     [,13]     [,14]     [,15]     [,16]
 [1,] 0.0000000 0.0000000 0.0000000 0.0000000 0.0000000 0.0000000 0.0000000 0.0000000 0.0000000 0.0000000 0.0000000 0.0000000 0.0000000 0.0000000 0.0000000 0.0000000
 [2,] 0.0000000 0.0000000 0.0000000 0.0000000 0.0000000 0.0000000 0.0000000 0.0000000 0.0000000 0.0000000 0.0000000 0.0000000 0.0000000 0.0000000 0.0000000 0.0000000
 [3,] 0.0000000 0.0000000 0.0000000 0.0000000 0.0000000 0.0000000 0.0000000 0.0000000 0.0000000 0.0000000 0.0000000 0.0000000 0.0000000 0.0000000 0.0000000 0.0000000
 [4,] 0.0000000 0.0000000 0.0000000 0.0000000 0.0000000 0.0000000 0.0000000 0.0000000 0.0000000 0.0000000 0.0000000 0.0000000 0.0000000 0.0000000 0.0000000 0.0000000
 [5,] 0.0000000 0.0000000 0.0000000 0.0000000 0.0000000 0.0000000 0.0000000 0.0000000 0.0000000 0.0000000 0.0000000 0.0000000 0.0000000 0.0000000 0.0000000 0.0000000
 [6,] 0.0000000 0.0000000 0.0000000 0.0000000 0.0000000 0.0000000 0.0000000 0.0000000 0.0000000 0.0000000 0.0000000 0.0000000 0.0000000 0.0000000 0.0000000 0.0000000
 [7,] 0.0000000 0.0000000 0.0000000 0.0000000 0.0000000 0.0000000 0.0000000 0.0000000 0.0000000 0.0000000 0.0000000 0.0000000 0.0000000 0.0000000 0.0000000 0.0000000
 [8,] 0.0000000 0.0000000 0.0000000 0.0000000 0.0000000 0.0000000 0.0000000 0.0000000 0.0000000 0.0000000 0.0000000 0.0000000 0.0000000 0.0000000 0.0000000 0.0000000
 [9,] 0.0000000 0.0000000 0.0000000 0.0000000 0.0000000 0.0000000 0.0000000 0.0000000 0.0000000 0.0000000 0.0000000 0.0000000 0.0000000 0.0000000 0.0000000 0.0000000
[10,] 0.0000000 0.0000000 0.0000000 0.0000000 0.0000000 0.0000000 0.0000000 0.0000000 0.0000000 0.0000000 0.0000000 0.0000000 0.0000000 0.0000000 0.0000000 0.0000000
[11,] 0.0000000 0.0000000 0.0000000 0.0000000 0.0000000 0.0000000 0.0000000 0.0000000 0.0000000 0.0000000 0.0000000 0.0000000 0.0000000 0.0000000 0.0000000 0.0000000
[12,] 0.0000000 0.0000000 0.0000000 0.0000000 0.0000000 0.0000000 0.0000000 0.0000000 0.0000000 0.0000000 0.0000000 0.0000000 0.0000000 0.0000000 0.0000000 0.0000000
[13,] 0.0000000 0.0000000 0.0000000 0.0000000 0.0000000 0.0000000 0.0000000 0.0000000 0.0000000 0.0000000 0.0000000 0.0000000 0.0000000 0.0000000 0.0000000 0.0000000
[14,] 0.0000000 0.0000000 0.0000000 0.0000000 0.0000000 0.0000000 0.0000000 0.0000000 0.0000000 0.0000000 0.0000000 0.0000000 0.0000000 0.0000000 0.0000000 0.0000000
[15,] 0.0000000 0.0000000 0.0000000 0.0000000 0.0000000 0.0000000 0.0000000 0.0000000 0.0000000 0.0000000 0.0000000 0.0000000 0.0000000 0.0000000 0.0000000 0.0000000
[16,] 0.0456722 0.0456722 0.0456722 0.0456722 0.0456722 0.0456722 0.0456722 0.0456722 0.0456722 0.0456722 0.0456722 0.0456722 0.0456722 0.0456722 0.0456722 0.0000000
[17,] 0.0000000 0.0000000 0.0000000 0.0000000 0.0000000 0.0000000 0.0000000 0.0000000 0.0000000 0.0000000 0.0000000 0.0000000 0.0000000 0.0000000 0.0000000 0.0456722
      [,17]
 [1,]     0
 [2,]     0
 [3,]     0
 [4,]     0
 [5,]     0
 [6,]     0
 [7,]     0
 [8,]     0
 [9,]     0
[10,]     0
[11,]     0
[12,]     0
[13,]     0
[14,]     0
[15,]     0
[16,]     0
[17,]     0


[[1]][[14]]
[[1]][[14]]$partition
[[1]][[14]]$partition$a
[1] "T._castaneum"

[[1]][[14]]$partition$b
 [1] "A._pisum"            "A._cephalotes"       "A._echinatior"       "S._invicta"          "C._floridanus"       "L._humile"           "P._barbatus"        
 [8] "H._saltator"         "A._florea"           "A._mellifera"        "B._impatiens"        "B._terrestris"       "N._vitripennis"      "B._mori"            
[15] "C._quinquefasciatus" "D._melanogaster"    


[[1]][[14]]$isolation_index
[1] 0.0689907

[[1]][[14]]$matrix
           [,1]      [,2]      [,3]      [,4]      [,5]      [,6]      [,7]      [,8]      [,9]     [,10]     [,11]     [,12]     [,13]     [,14]     [,15]     [,16]
 [1,] 0.0000000 0.0000000 0.0000000 0.0000000 0.0000000 0.0000000 0.0000000 0.0000000 0.0000000 0.0000000 0.0000000 0.0000000 0.0000000 0.0000000 0.0000000 0.0000000
 [2,] 0.0000000 0.0000000 0.0000000 0.0000000 0.0000000 0.0000000 0.0000000 0.0000000 0.0000000 0.0000000 0.0000000 0.0000000 0.0000000 0.0000000 0.0000000 0.0000000
 [3,] 0.0000000 0.0000000 0.0000000 0.0000000 0.0000000 0.0000000 0.0000000 0.0000000 0.0000000 0.0000000 0.0000000 0.0000000 0.0000000 0.0000000 0.0000000 0.0000000
 [4,] 0.0000000 0.0000000 0.0000000 0.0000000 0.0000000 0.0000000 0.0000000 0.0000000 0.0000000 0.0000000 0.0000000 0.0000000 0.0000000 0.0000000 0.0000000 0.0000000
 [5,] 0.0000000 0.0000000 0.0000000 0.0000000 0.0000000 0.0000000 0.0000000 0.0000000 0.0000000 0.0000000 0.0000000 0.0000000 0.0000000 0.0000000 0.0000000 0.0000000
 [6,] 0.0000000 0.0000000 0.0000000 0.0000000 0.0000000 0.0000000 0.0000000 0.0000000 0.0000000 0.0000000 0.0000000 0.0000000 0.0000000 0.0000000 0.0000000 0.0000000
 [7,] 0.0000000 0.0000000 0.0000000 0.0000000 0.0000000 0.0000000 0.0000000 0.0000000 0.0000000 0.0000000 0.0000000 0.0000000 0.0000000 0.0000000 0.0000000 0.0000000
 [8,] 0.0000000 0.0000000 0.0000000 0.0000000 0.0000000 0.0000000 0.0000000 0.0000000 0.0000000 0.0000000 0.0000000 0.0000000 0.0000000 0.0000000 0.0000000 0.0000000
 [9,] 0.0000000 0.0000000 0.0000000 0.0000000 0.0000000 0.0000000 0.0000000 0.0000000 0.0000000 0.0000000 0.0000000 0.0000000 0.0000000 0.0000000 0.0000000 0.0000000
[10,] 0.0000000 0.0000000 0.0000000 0.0000000 0.0000000 0.0000000 0.0000000 0.0000000 0.0000000 0.0000000 0.0000000 0.0000000 0.0000000 0.0000000 0.0000000 0.0000000
[11,] 0.0000000 0.0000000 0.0000000 0.0000000 0.0000000 0.0000000 0.0000000 0.0000000 0.0000000 0.0000000 0.0000000 0.0000000 0.0000000 0.0000000 0.0000000 0.0000000
[12,] 0.0000000 0.0000000 0.0000000 0.0000000 0.0000000 0.0000000 0.0000000 0.0000000 0.0000000 0.0000000 0.0000000 0.0000000 0.0000000 0.0000000 0.0000000 0.0000000
[13,] 0.0000000 0.0000000 0.0000000 0.0000000 0.0000000 0.0000000 0.0000000 0.0000000 0.0000000 0.0000000 0.0000000 0.0000000 0.0000000 0.0000000 0.0000000 0.0000000
[14,] 0.0000000 0.0000000 0.0000000 0.0000000 0.0000000 0.0000000 0.0000000 0.0000000 0.0000000 0.0000000 0.0000000 0.0000000 0.0000000 0.0000000 0.0000000 0.0000000
[15,] 0.0000000 0.0000000 0.0000000 0.0000000 0.0000000 0.0000000 0.0000000 0.0000000 0.0000000 0.0000000 0.0000000 0.0000000 0.0000000 0.0000000 0.0000000 0.0000000
[16,] 0.0000000 0.0000000 0.0000000 0.0000000 0.0000000 0.0000000 0.0000000 0.0000000 0.0000000 0.0000000 0.0000000 0.0000000 0.0000000 0.0000000 0.0000000 0.0000000
[17,] 0.0689907 0.0689907 0.0689907 0.0689907 0.0689907 0.0689907 0.0689907 0.0689907 0.0689907 0.0689907 0.0689907 0.0689907 0.0689907 0.0689907 0.0689907 0.0689907
      [,17]
 [1,]     0
 [2,]     0
 [3,]     0
 [4,]     0
 [5,]     0
 [6,]     0
 [7,]     0
 [8,]     0
 [9,]     0
[10,]     0
[11,]     0
[12,]     0
[13,]     0
[14,]     0
[15,]     0
[16,]     0
[17,]     0


[[1]][[15]]
[[1]][[15]]$partition
[[1]][[15]]$partition$a
[1] "A._pisum" "B._mori" 

[[1]][[15]]$partition$b
 [1] "A._cephalotes"       "A._echinatior"       "S._invicta"          "C._floridanus"       "L._humile"           "P._barbatus"         "H._saltator"        
 [8] "A._florea"           "A._mellifera"        "B._impatiens"        "B._terrestris"       "N._vitripennis"      "C._quinquefasciatus" "D._melanogaster"    
[15] "T._castaneum"       


[[1]][[15]]$isolation_index
[1] 0.00175165

[[1]][[15]]$matrix
            [,1]       [,2]       [,3]       [,4]       [,5]       [,6]       [,7]       [,8]       [,9]      [,10]      [,11]      [,12]      [,13]      [,14] [,15]
 [1,] 0.00000000 0.00000000 0.00000000 0.00000000 0.00000000 0.00000000 0.00000000 0.00000000 0.00000000 0.00000000 0.00000000 0.00000000 0.00000000 0.00000000     0
 [2,] 0.00175165 0.00000000 0.00000000 0.00000000 0.00000000 0.00000000 0.00000000 0.00000000 0.00000000 0.00000000 0.00000000 0.00000000 0.00000000 0.00000000     0
 [3,] 0.00175165 0.00000000 0.00000000 0.00000000 0.00000000 0.00000000 0.00000000 0.00000000 0.00000000 0.00000000 0.00000000 0.00000000 0.00000000 0.00000000     0
 [4,] 0.00175165 0.00000000 0.00000000 0.00000000 0.00000000 0.00000000 0.00000000 0.00000000 0.00000000 0.00000000 0.00000000 0.00000000 0.00000000 0.00000000     0
 [5,] 0.00175165 0.00000000 0.00000000 0.00000000 0.00000000 0.00000000 0.00000000 0.00000000 0.00000000 0.00000000 0.00000000 0.00000000 0.00000000 0.00000000     0
 [6,] 0.00175165 0.00000000 0.00000000 0.00000000 0.00000000 0.00000000 0.00000000 0.00000000 0.00000000 0.00000000 0.00000000 0.00000000 0.00000000 0.00000000     0
 [7,] 0.00175165 0.00000000 0.00000000 0.00000000 0.00000000 0.00000000 0.00000000 0.00000000 0.00000000 0.00000000 0.00000000 0.00000000 0.00000000 0.00000000     0
 [8,] 0.00175165 0.00000000 0.00000000 0.00000000 0.00000000 0.00000000 0.00000000 0.00000000 0.00000000 0.00000000 0.00000000 0.00000000 0.00000000 0.00000000     0
 [9,] 0.00175165 0.00000000 0.00000000 0.00000000 0.00000000 0.00000000 0.00000000 0.00000000 0.00000000 0.00000000 0.00000000 0.00000000 0.00000000 0.00000000     0
[10,] 0.00175165 0.00000000 0.00000000 0.00000000 0.00000000 0.00000000 0.00000000 0.00000000 0.00000000 0.00000000 0.00000000 0.00000000 0.00000000 0.00000000     0
[11,] 0.00175165 0.00000000 0.00000000 0.00000000 0.00000000 0.00000000 0.00000000 0.00000000 0.00000000 0.00000000 0.00000000 0.00000000 0.00000000 0.00000000     0
[12,] 0.00175165 0.00000000 0.00000000 0.00000000 0.00000000 0.00000000 0.00000000 0.00000000 0.00000000 0.00000000 0.00000000 0.00000000 0.00000000 0.00000000     0
[13,] 0.00175165 0.00000000 0.00000000 0.00000000 0.00000000 0.00000000 0.00000000 0.00000000 0.00000000 0.00000000 0.00000000 0.00000000 0.00000000 0.00000000     0
[14,] 0.00000000 0.00175165 0.00175165 0.00175165 0.00175165 0.00175165 0.00175165 0.00175165 0.00175165 0.00175165 0.00175165 0.00175165 0.00175165 0.00000000     0
[15,] 0.00175165 0.00000000 0.00000000 0.00000000 0.00000000 0.00000000 0.00000000 0.00000000 0.00000000 0.00000000 0.00000000 0.00000000 0.00000000 0.00175165     0
[16,] 0.00175165 0.00000000 0.00000000 0.00000000 0.00000000 0.00000000 0.00000000 0.00000000 0.00000000 0.00000000 0.00000000 0.00000000 0.00000000 0.00175165     0
[17,] 0.00175165 0.00000000 0.00000000 0.00000000 0.00000000 0.00000000 0.00000000 0.00000000 0.00000000 0.00000000 0.00000000 0.00000000 0.00000000 0.00175165     0
      [,16] [,17]
 [1,]     0     0
 [2,]     0     0
 [3,]     0     0
 [4,]     0     0
 [5,]     0     0
 [6,]     0     0
 [7,]     0     0
 [8,]     0     0
 [9,]     0     0
[10,]     0     0
[11,]     0     0
[12,]     0     0
[13,]     0     0
[14,]     0     0
[15,]     0     0
[16,]     0     0
[17,]     0     0


[[1]][[16]]
[[1]][[16]]$partition
[[1]][[16]]$partition$a
[1] "A._pisum"     "T._castaneum"

[[1]][[16]]$partition$b
 [1] "A._cephalotes"       "A._echinatior"       "S._invicta"          "C._floridanus"       "L._humile"           "P._barbatus"         "H._saltator"        
 [8] "A._florea"           "A._mellifera"        "B._impatiens"        "B._terrestris"       "N._vitripennis"      "B._mori"             "C._quinquefasciatus"
[15] "D._melanogaster"    


[[1]][[16]]$isolation_index
[1] 0.00011765

[[1]][[16]]$matrix
            [,1]       [,2]       [,3]       [,4]       [,5]       [,6]       [,7]       [,8]       [,9]      [,10]      [,11]      [,12]      [,13]      [,14]
 [1,] 0.00000000 0.00000000 0.00000000 0.00000000 0.00000000 0.00000000 0.00000000 0.00000000 0.00000000 0.00000000 0.00000000 0.00000000 0.00000000 0.00000000
 [2,] 0.00011765 0.00000000 0.00000000 0.00000000 0.00000000 0.00000000 0.00000000 0.00000000 0.00000000 0.00000000 0.00000000 0.00000000 0.00000000 0.00000000
 [3,] 0.00011765 0.00000000 0.00000000 0.00000000 0.00000000 0.00000000 0.00000000 0.00000000 0.00000000 0.00000000 0.00000000 0.00000000 0.00000000 0.00000000
 [4,] 0.00011765 0.00000000 0.00000000 0.00000000 0.00000000 0.00000000 0.00000000 0.00000000 0.00000000 0.00000000 0.00000000 0.00000000 0.00000000 0.00000000
 [5,] 0.00011765 0.00000000 0.00000000 0.00000000 0.00000000 0.00000000 0.00000000 0.00000000 0.00000000 0.00000000 0.00000000 0.00000000 0.00000000 0.00000000
 [6,] 0.00011765 0.00000000 0.00000000 0.00000000 0.00000000 0.00000000 0.00000000 0.00000000 0.00000000 0.00000000 0.00000000 0.00000000 0.00000000 0.00000000
 [7,] 0.00011765 0.00000000 0.00000000 0.00000000 0.00000000 0.00000000 0.00000000 0.00000000 0.00000000 0.00000000 0.00000000 0.00000000 0.00000000 0.00000000
 [8,] 0.00011765 0.00000000 0.00000000 0.00000000 0.00000000 0.00000000 0.00000000 0.00000000 0.00000000 0.00000000 0.00000000 0.00000000 0.00000000 0.00000000
 [9,] 0.00011765 0.00000000 0.00000000 0.00000000 0.00000000 0.00000000 0.00000000 0.00000000 0.00000000 0.00000000 0.00000000 0.00000000 0.00000000 0.00000000
[10,] 0.00011765 0.00000000 0.00000000 0.00000000 0.00000000 0.00000000 0.00000000 0.00000000 0.00000000 0.00000000 0.00000000 0.00000000 0.00000000 0.00000000
[11,] 0.00011765 0.00000000 0.00000000 0.00000000 0.00000000 0.00000000 0.00000000 0.00000000 0.00000000 0.00000000 0.00000000 0.00000000 0.00000000 0.00000000
[12,] 0.00011765 0.00000000 0.00000000 0.00000000 0.00000000 0.00000000 0.00000000 0.00000000 0.00000000 0.00000000 0.00000000 0.00000000 0.00000000 0.00000000
[13,] 0.00011765 0.00000000 0.00000000 0.00000000 0.00000000 0.00000000 0.00000000 0.00000000 0.00000000 0.00000000 0.00000000 0.00000000 0.00000000 0.00000000
[14,] 0.00011765 0.00000000 0.00000000 0.00000000 0.00000000 0.00000000 0.00000000 0.00000000 0.00000000 0.00000000 0.00000000 0.00000000 0.00000000 0.00000000
[15,] 0.00011765 0.00000000 0.00000000 0.00000000 0.00000000 0.00000000 0.00000000 0.00000000 0.00000000 0.00000000 0.00000000 0.00000000 0.00000000 0.00000000
[16,] 0.00011765 0.00000000 0.00000000 0.00000000 0.00000000 0.00000000 0.00000000 0.00000000 0.00000000 0.00000000 0.00000000 0.00000000 0.00000000 0.00000000
[17,] 0.00000000 0.00011765 0.00011765 0.00011765 0.00011765 0.00011765 0.00011765 0.00011765 0.00011765 0.00011765 0.00011765 0.00011765 0.00011765 0.00011765
           [,15]      [,16] [,17]
 [1,] 0.00000000 0.00000000     0
 [2,] 0.00000000 0.00000000     0
 [3,] 0.00000000 0.00000000     0
 [4,] 0.00000000 0.00000000     0
 [5,] 0.00000000 0.00000000     0
 [6,] 0.00000000 0.00000000     0
 [7,] 0.00000000 0.00000000     0
 [8,] 0.00000000 0.00000000     0
 [9,] 0.00000000 0.00000000     0
[10,] 0.00000000 0.00000000     0
[11,] 0.00000000 0.00000000     0
[12,] 0.00000000 0.00000000     0
[13,] 0.00000000 0.00000000     0
[14,] 0.00000000 0.00000000     0
[15,] 0.00000000 0.00000000     0
[16,] 0.00000000 0.00000000     0
[17,] 0.00011765 0.00011765     0


[[1]][[17]]
[[1]][[17]]$partition
[[1]][[17]]$partition$a
[1] "A._cephalotes" "A._echinatior"

[[1]][[17]]$partition$b
 [1] "A._pisum"            "S._invicta"          "C._floridanus"       "L._humile"           "P._barbatus"         "H._saltator"         "A._florea"          
 [8] "A._mellifera"        "B._impatiens"        "B._terrestris"       "N._vitripennis"      "B._mori"             "C._quinquefasciatus" "D._melanogaster"    
[15] "T._castaneum"       


[[1]][[17]]$isolation_index
[1] 0.00148875

[[1]][[17]]$matrix
            [,1]       [,2]       [,3] [,4] [,5] [,6] [,7] [,8] [,9] [,10] [,11] [,12] [,13] [,14] [,15] [,16] [,17]
 [1,] 0.00000000 0.00000000 0.00000000    0    0    0    0    0    0     0     0     0     0     0     0     0     0
 [2,] 0.00148875 0.00000000 0.00000000    0    0    0    0    0    0     0     0     0     0     0     0     0     0
 [3,] 0.00148875 0.00000000 0.00000000    0    0    0    0    0    0     0     0     0     0     0     0     0     0
 [4,] 0.00000000 0.00148875 0.00148875    0    0    0    0    0    0     0     0     0     0     0     0     0     0
 [5,] 0.00000000 0.00148875 0.00148875    0    0    0    0    0    0     0     0     0     0     0     0     0     0
 [6,] 0.00000000 0.00148875 0.00148875    0    0    0    0    0    0     0     0     0     0     0     0     0     0
 [7,] 0.00000000 0.00148875 0.00148875    0    0    0    0    0    0     0     0     0     0     0     0     0     0
 [8,] 0.00000000 0.00148875 0.00148875    0    0    0    0    0    0     0     0     0     0     0     0     0     0
 [9,] 0.00000000 0.00148875 0.00148875    0    0    0    0    0    0     0     0     0     0     0     0     0     0
[10,] 0.00000000 0.00148875 0.00148875    0    0    0    0    0    0     0     0     0     0     0     0     0     0
[11,] 0.00000000 0.00148875 0.00148875    0    0    0    0    0    0     0     0     0     0     0     0     0     0
[12,] 0.00000000 0.00148875 0.00148875    0    0    0    0    0    0     0     0     0     0     0     0     0     0
[13,] 0.00000000 0.00148875 0.00148875    0    0    0    0    0    0     0     0     0     0     0     0     0     0
[14,] 0.00000000 0.00148875 0.00148875    0    0    0    0    0    0     0     0     0     0     0     0     0     0
[15,] 0.00000000 0.00148875 0.00148875    0    0    0    0    0    0     0     0     0     0     0     0     0     0
[16,] 0.00000000 0.00148875 0.00148875    0    0    0    0    0    0     0     0     0     0     0     0     0     0
[17,] 0.00000000 0.00148875 0.00148875    0    0    0    0    0    0     0     0     0     0     0     0     0     0


[[1]][[18]]
[[1]][[18]]$partition
[[1]][[18]]$partition$a
[1] "A._florea"    "A._mellifera"

[[1]][[18]]$partition$b
 [1] "A._pisum"            "A._cephalotes"       "A._echinatior"       "S._invicta"          "C._floridanus"       "L._humile"           "P._barbatus"        
 [8] "H._saltator"         "B._impatiens"        "B._terrestris"       "N._vitripennis"      "B._mori"             "C._quinquefasciatus" "D._melanogaster"    
[15] "T._castaneum"       


[[1]][[18]]$isolation_index
[1] 0.0022693

[[1]][[18]]$matrix
           [,1]      [,2]      [,3]      [,4]      [,5]      [,6]      [,7]      [,8]      [,9]     [,10] [,11] [,12] [,13] [,14] [,15] [,16] [,17]
 [1,] 0.0000000 0.0000000 0.0000000 0.0000000 0.0000000 0.0000000 0.0000000 0.0000000 0.0000000 0.0000000     0     0     0     0     0     0     0
 [2,] 0.0000000 0.0000000 0.0000000 0.0000000 0.0000000 0.0000000 0.0000000 0.0000000 0.0000000 0.0000000     0     0     0     0     0     0     0
 [3,] 0.0000000 0.0000000 0.0000000 0.0000000 0.0000000 0.0000000 0.0000000 0.0000000 0.0000000 0.0000000     0     0     0     0     0     0     0
 [4,] 0.0000000 0.0000000 0.0000000 0.0000000 0.0000000 0.0000000 0.0000000 0.0000000 0.0000000 0.0000000     0     0     0     0     0     0     0
 [5,] 0.0000000 0.0000000 0.0000000 0.0000000 0.0000000 0.0000000 0.0000000 0.0000000 0.0000000 0.0000000     0     0     0     0     0     0     0
 [6,] 0.0000000 0.0000000 0.0000000 0.0000000 0.0000000 0.0000000 0.0000000 0.0000000 0.0000000 0.0000000     0     0     0     0     0     0     0
 [7,] 0.0000000 0.0000000 0.0000000 0.0000000 0.0000000 0.0000000 0.0000000 0.0000000 0.0000000 0.0000000     0     0     0     0     0     0     0
 [8,] 0.0000000 0.0000000 0.0000000 0.0000000 0.0000000 0.0000000 0.0000000 0.0000000 0.0000000 0.0000000     0     0     0     0     0     0     0
 [9,] 0.0022693 0.0022693 0.0022693 0.0022693 0.0022693 0.0022693 0.0022693 0.0022693 0.0000000 0.0000000     0     0     0     0     0     0     0
[10,] 0.0022693 0.0022693 0.0022693 0.0022693 0.0022693 0.0022693 0.0022693 0.0022693 0.0000000 0.0000000     0     0     0     0     0     0     0
[11,] 0.0000000 0.0000000 0.0000000 0.0000000 0.0000000 0.0000000 0.0000000 0.0000000 0.0022693 0.0022693     0     0     0     0     0     0     0
[12,] 0.0000000 0.0000000 0.0000000 0.0000000 0.0000000 0.0000000 0.0000000 0.0000000 0.0022693 0.0022693     0     0     0     0     0     0     0
[13,] 0.0000000 0.0000000 0.0000000 0.0000000 0.0000000 0.0000000 0.0000000 0.0000000 0.0022693 0.0022693     0     0     0     0     0     0     0
[14,] 0.0000000 0.0000000 0.0000000 0.0000000 0.0000000 0.0000000 0.0000000 0.0000000 0.0022693 0.0022693     0     0     0     0     0     0     0
[15,] 0.0000000 0.0000000 0.0000000 0.0000000 0.0000000 0.0000000 0.0000000 0.0000000 0.0022693 0.0022693     0     0     0     0     0     0     0
[16,] 0.0000000 0.0000000 0.0000000 0.0000000 0.0000000 0.0000000 0.0000000 0.0000000 0.0022693 0.0022693     0     0     0     0     0     0     0
[17,] 0.0000000 0.0000000 0.0000000 0.0000000 0.0000000 0.0000000 0.0000000 0.0000000 0.0022693 0.0022693     0     0     0     0     0     0     0


[[1]][[19]]
[[1]][[19]]$partition
[[1]][[19]]$partition$a
[1] "B._impatiens"  "B._terrestris"

[[1]][[19]]$partition$b
 [1] "A._pisum"            "A._cephalotes"       "A._echinatior"       "S._invicta"          "C._floridanus"       "L._humile"           "P._barbatus"        
 [8] "H._saltator"         "A._florea"           "A._mellifera"        "N._vitripennis"      "B._mori"             "C._quinquefasciatus" "D._melanogaster"    
[15] "T._castaneum"       


[[1]][[19]]$isolation_index
[1] 0.00108335

[[1]][[19]]$matrix
            [,1]       [,2]       [,3]       [,4]       [,5]       [,6]       [,7]       [,8]       [,9]      [,10]      [,11]      [,12] [,13] [,14] [,15] [,16] [,17]
 [1,] 0.00000000 0.00000000 0.00000000 0.00000000 0.00000000 0.00000000 0.00000000 0.00000000 0.00000000 0.00000000 0.00000000 0.00000000     0     0     0     0     0
 [2,] 0.00000000 0.00000000 0.00000000 0.00000000 0.00000000 0.00000000 0.00000000 0.00000000 0.00000000 0.00000000 0.00000000 0.00000000     0     0     0     0     0
 [3,] 0.00000000 0.00000000 0.00000000 0.00000000 0.00000000 0.00000000 0.00000000 0.00000000 0.00000000 0.00000000 0.00000000 0.00000000     0     0     0     0     0
 [4,] 0.00000000 0.00000000 0.00000000 0.00000000 0.00000000 0.00000000 0.00000000 0.00000000 0.00000000 0.00000000 0.00000000 0.00000000     0     0     0     0     0
 [5,] 0.00000000 0.00000000 0.00000000 0.00000000 0.00000000 0.00000000 0.00000000 0.00000000 0.00000000 0.00000000 0.00000000 0.00000000     0     0     0     0     0
 [6,] 0.00000000 0.00000000 0.00000000 0.00000000 0.00000000 0.00000000 0.00000000 0.00000000 0.00000000 0.00000000 0.00000000 0.00000000     0     0     0     0     0
 [7,] 0.00000000 0.00000000 0.00000000 0.00000000 0.00000000 0.00000000 0.00000000 0.00000000 0.00000000 0.00000000 0.00000000 0.00000000     0     0     0     0     0
 [8,] 0.00000000 0.00000000 0.00000000 0.00000000 0.00000000 0.00000000 0.00000000 0.00000000 0.00000000 0.00000000 0.00000000 0.00000000     0     0     0     0     0
 [9,] 0.00000000 0.00000000 0.00000000 0.00000000 0.00000000 0.00000000 0.00000000 0.00000000 0.00000000 0.00000000 0.00000000 0.00000000     0     0     0     0     0
[10,] 0.00000000 0.00000000 0.00000000 0.00000000 0.00000000 0.00000000 0.00000000 0.00000000 0.00000000 0.00000000 0.00000000 0.00000000     0     0     0     0     0
[11,] 0.00108335 0.00108335 0.00108335 0.00108335 0.00108335 0.00108335 0.00108335 0.00108335 0.00108335 0.00108335 0.00000000 0.00000000     0     0     0     0     0
[12,] 0.00108335 0.00108335 0.00108335 0.00108335 0.00108335 0.00108335 0.00108335 0.00108335 0.00108335 0.00108335 0.00000000 0.00000000     0     0     0     0     0
[13,] 0.00000000 0.00000000 0.00000000 0.00000000 0.00000000 0.00000000 0.00000000 0.00000000 0.00000000 0.00000000 0.00108335 0.00108335     0     0     0     0     0
[14,] 0.00000000 0.00000000 0.00000000 0.00000000 0.00000000 0.00000000 0.00000000 0.00000000 0.00000000 0.00000000 0.00108335 0.00108335     0     0     0     0     0
[15,] 0.00000000 0.00000000 0.00000000 0.00000000 0.00000000 0.00000000 0.00000000 0.00000000 0.00000000 0.00000000 0.00108335 0.00108335     0     0     0     0     0
[16,] 0.00000000 0.00000000 0.00000000 0.00000000 0.00000000 0.00000000 0.00000000 0.00000000 0.00000000 0.00000000 0.00108335 0.00108335     0     0     0     0     0
[17,] 0.00000000 0.00000000 0.00000000 0.00000000 0.00000000 0.00000000 0.00000000 0.00000000 0.00000000 0.00000000 0.00108335 0.00108335     0     0     0     0     0


[[1]][[20]]
[[1]][[20]]$partition
[[1]][[20]]$partition$a
[1] "C._quinquefasciatus" "D._melanogaster"    

[[1]][[20]]$partition$b
 [1] "A._pisum"       "A._cephalotes"  "A._echinatior"  "S._invicta"     "C._floridanus"  "L._humile"      "P._barbatus"    "H._saltator"    "A._florea"     
[10] "A._mellifera"   "B._impatiens"   "B._terrestris"  "N._vitripennis" "B._mori"        "T._castaneum"  


[[1]][[20]]$isolation_index
[1] 0.00981775

[[1]][[20]]$matrix
            [,1]       [,2]       [,3]       [,4]       [,5]       [,6]       [,7]       [,8]       [,9]      [,10]      [,11]      [,12]      [,13]      [,14]
 [1,] 0.00000000 0.00000000 0.00000000 0.00000000 0.00000000 0.00000000 0.00000000 0.00000000 0.00000000 0.00000000 0.00000000 0.00000000 0.00000000 0.00000000
 [2,] 0.00000000 0.00000000 0.00000000 0.00000000 0.00000000 0.00000000 0.00000000 0.00000000 0.00000000 0.00000000 0.00000000 0.00000000 0.00000000 0.00000000
 [3,] 0.00000000 0.00000000 0.00000000 0.00000000 0.00000000 0.00000000 0.00000000 0.00000000 0.00000000 0.00000000 0.00000000 0.00000000 0.00000000 0.00000000
 [4,] 0.00000000 0.00000000 0.00000000 0.00000000 0.00000000 0.00000000 0.00000000 0.00000000 0.00000000 0.00000000 0.00000000 0.00000000 0.00000000 0.00000000
 [5,] 0.00000000 0.00000000 0.00000000 0.00000000 0.00000000 0.00000000 0.00000000 0.00000000 0.00000000 0.00000000 0.00000000 0.00000000 0.00000000 0.00000000
 [6,] 0.00000000 0.00000000 0.00000000 0.00000000 0.00000000 0.00000000 0.00000000 0.00000000 0.00000000 0.00000000 0.00000000 0.00000000 0.00000000 0.00000000
 [7,] 0.00000000 0.00000000 0.00000000 0.00000000 0.00000000 0.00000000 0.00000000 0.00000000 0.00000000 0.00000000 0.00000000 0.00000000 0.00000000 0.00000000
 [8,] 0.00000000 0.00000000 0.00000000 0.00000000 0.00000000 0.00000000 0.00000000 0.00000000 0.00000000 0.00000000 0.00000000 0.00000000 0.00000000 0.00000000
 [9,] 0.00000000 0.00000000 0.00000000 0.00000000 0.00000000 0.00000000 0.00000000 0.00000000 0.00000000 0.00000000 0.00000000 0.00000000 0.00000000 0.00000000
[10,] 0.00000000 0.00000000 0.00000000 0.00000000 0.00000000 0.00000000 0.00000000 0.00000000 0.00000000 0.00000000 0.00000000 0.00000000 0.00000000 0.00000000
[11,] 0.00000000 0.00000000 0.00000000 0.00000000 0.00000000 0.00000000 0.00000000 0.00000000 0.00000000 0.00000000 0.00000000 0.00000000 0.00000000 0.00000000
[12,] 0.00000000 0.00000000 0.00000000 0.00000000 0.00000000 0.00000000 0.00000000 0.00000000 0.00000000 0.00000000 0.00000000 0.00000000 0.00000000 0.00000000
[13,] 0.00000000 0.00000000 0.00000000 0.00000000 0.00000000 0.00000000 0.00000000 0.00000000 0.00000000 0.00000000 0.00000000 0.00000000 0.00000000 0.00000000
[14,] 0.00000000 0.00000000 0.00000000 0.00000000 0.00000000 0.00000000 0.00000000 0.00000000 0.00000000 0.00000000 0.00000000 0.00000000 0.00000000 0.00000000
[15,] 0.00981775 0.00981775 0.00981775 0.00981775 0.00981775 0.00981775 0.00981775 0.00981775 0.00981775 0.00981775 0.00981775 0.00981775 0.00981775 0.00981775
[16,] 0.00981775 0.00981775 0.00981775 0.00981775 0.00981775 0.00981775 0.00981775 0.00981775 0.00981775 0.00981775 0.00981775 0.00981775 0.00981775 0.00981775
[17,] 0.00000000 0.00000000 0.00000000 0.00000000 0.00000000 0.00000000 0.00000000 0.00000000 0.00000000 0.00000000 0.00000000 0.00000000 0.00000000 0.00000000
           [,15]      [,16] [,17]
 [1,] 0.00000000 0.00000000     0
 [2,] 0.00000000 0.00000000     0
 [3,] 0.00000000 0.00000000     0
 [4,] 0.00000000 0.00000000     0
 [5,] 0.00000000 0.00000000     0
 [6,] 0.00000000 0.00000000     0
 [7,] 0.00000000 0.00000000     0
 [8,] 0.00000000 0.00000000     0
 [9,] 0.00000000 0.00000000     0
[10,] 0.00000000 0.00000000     0
[11,] 0.00000000 0.00000000     0
[12,] 0.00000000 0.00000000     0
[13,] 0.00000000 0.00000000     0
[14,] 0.00000000 0.00000000     0
[15,] 0.00000000 0.00000000     0
[16,] 0.00000000 0.00000000     0
[17,] 0.00981775 0.00981775     0


[[1]][[21]]
[[1]][[21]]$partition
[[1]][[21]]$partition$a
[1] "D._melanogaster" "T._castaneum"   

[[1]][[21]]$partition$b
 [1] "A._pisum"            "A._cephalotes"       "A._echinatior"       "S._invicta"          "C._floridanus"       "L._humile"           "P._barbatus"        
 [8] "H._saltator"         "A._florea"           "A._mellifera"        "B._impatiens"        "B._terrestris"       "N._vitripennis"      "B._mori"            
[15] "C._quinquefasciatus"


[[1]][[21]]$isolation_index
[1] 0.00354055

[[1]][[21]]$matrix
            [,1]       [,2]       [,3]       [,4]       [,5]       [,6]       [,7]       [,8]       [,9]      [,10]      [,11]      [,12]      [,13]      [,14]
 [1,] 0.00000000 0.00000000 0.00000000 0.00000000 0.00000000 0.00000000 0.00000000 0.00000000 0.00000000 0.00000000 0.00000000 0.00000000 0.00000000 0.00000000
 [2,] 0.00000000 0.00000000 0.00000000 0.00000000 0.00000000 0.00000000 0.00000000 0.00000000 0.00000000 0.00000000 0.00000000 0.00000000 0.00000000 0.00000000
 [3,] 0.00000000 0.00000000 0.00000000 0.00000000 0.00000000 0.00000000 0.00000000 0.00000000 0.00000000 0.00000000 0.00000000 0.00000000 0.00000000 0.00000000
 [4,] 0.00000000 0.00000000 0.00000000 0.00000000 0.00000000 0.00000000 0.00000000 0.00000000 0.00000000 0.00000000 0.00000000 0.00000000 0.00000000 0.00000000
 [5,] 0.00000000 0.00000000 0.00000000 0.00000000 0.00000000 0.00000000 0.00000000 0.00000000 0.00000000 0.00000000 0.00000000 0.00000000 0.00000000 0.00000000
 [6,] 0.00000000 0.00000000 0.00000000 0.00000000 0.00000000 0.00000000 0.00000000 0.00000000 0.00000000 0.00000000 0.00000000 0.00000000 0.00000000 0.00000000
 [7,] 0.00000000 0.00000000 0.00000000 0.00000000 0.00000000 0.00000000 0.00000000 0.00000000 0.00000000 0.00000000 0.00000000 0.00000000 0.00000000 0.00000000
 [8,] 0.00000000 0.00000000 0.00000000 0.00000000 0.00000000 0.00000000 0.00000000 0.00000000 0.00000000 0.00000000 0.00000000 0.00000000 0.00000000 0.00000000
 [9,] 0.00000000 0.00000000 0.00000000 0.00000000 0.00000000 0.00000000 0.00000000 0.00000000 0.00000000 0.00000000 0.00000000 0.00000000 0.00000000 0.00000000
[10,] 0.00000000 0.00000000 0.00000000 0.00000000 0.00000000 0.00000000 0.00000000 0.00000000 0.00000000 0.00000000 0.00000000 0.00000000 0.00000000 0.00000000
[11,] 0.00000000 0.00000000 0.00000000 0.00000000 0.00000000 0.00000000 0.00000000 0.00000000 0.00000000 0.00000000 0.00000000 0.00000000 0.00000000 0.00000000
[12,] 0.00000000 0.00000000 0.00000000 0.00000000 0.00000000 0.00000000 0.00000000 0.00000000 0.00000000 0.00000000 0.00000000 0.00000000 0.00000000 0.00000000
[13,] 0.00000000 0.00000000 0.00000000 0.00000000 0.00000000 0.00000000 0.00000000 0.00000000 0.00000000 0.00000000 0.00000000 0.00000000 0.00000000 0.00000000
[14,] 0.00000000 0.00000000 0.00000000 0.00000000 0.00000000 0.00000000 0.00000000 0.00000000 0.00000000 0.00000000 0.00000000 0.00000000 0.00000000 0.00000000
[15,] 0.00000000 0.00000000 0.00000000 0.00000000 0.00000000 0.00000000 0.00000000 0.00000000 0.00000000 0.00000000 0.00000000 0.00000000 0.00000000 0.00000000
[16,] 0.00354055 0.00354055 0.00354055 0.00354055 0.00354055 0.00354055 0.00354055 0.00354055 0.00354055 0.00354055 0.00354055 0.00354055 0.00354055 0.00354055
[17,] 0.00354055 0.00354055 0.00354055 0.00354055 0.00354055 0.00354055 0.00354055 0.00354055 0.00354055 0.00354055 0.00354055 0.00354055 0.00354055 0.00354055
           [,15] [,16] [,17]
 [1,] 0.00000000     0     0
 [2,] 0.00000000     0     0
 [3,] 0.00000000     0     0
 [4,] 0.00000000     0     0
 [5,] 0.00000000     0     0
 [6,] 0.00000000     0     0
 [7,] 0.00000000     0     0
 [8,] 0.00000000     0     0
 [9,] 0.00000000     0     0
[10,] 0.00000000     0     0
[11,] 0.00000000     0     0
[12,] 0.00000000     0     0
[13,] 0.00000000     0     0
[14,] 0.00000000     0     0
[15,] 0.00000000     0     0
[16,] 0.00354055     0     0
[17,] 0.00354055     0     0


[[1]][[22]]
[[1]][[22]]$partition
[[1]][[22]]$partition$a
[1] "A._florea"     "A._mellifera"  "B._impatiens"  "B._terrestris"

[[1]][[22]]$partition$b
 [1] "A._pisum"            "A._cephalotes"       "A._echinatior"       "S._invicta"          "C._floridanus"       "L._humile"           "P._barbatus"        
 [8] "H._saltator"         "N._vitripennis"      "B._mori"             "C._quinquefasciatus" "D._melanogaster"     "T._castaneum"       


[[1]][[22]]$isolation_index
[1] 0.01053015

[[1]][[22]]$matrix
            [,1]       [,2]       [,3]       [,4]       [,5]       [,6]       [,7]       [,8]       [,9]      [,10]      [,11]      [,12] [,13] [,14] [,15] [,16] [,17]
 [1,] 0.00000000 0.00000000 0.00000000 0.00000000 0.00000000 0.00000000 0.00000000 0.00000000 0.00000000 0.00000000 0.00000000 0.00000000     0     0     0     0     0
 [2,] 0.00000000 0.00000000 0.00000000 0.00000000 0.00000000 0.00000000 0.00000000 0.00000000 0.00000000 0.00000000 0.00000000 0.00000000     0     0     0     0     0
 [3,] 0.00000000 0.00000000 0.00000000 0.00000000 0.00000000 0.00000000 0.00000000 0.00000000 0.00000000 0.00000000 0.00000000 0.00000000     0     0     0     0     0
 [4,] 0.00000000 0.00000000 0.00000000 0.00000000 0.00000000 0.00000000 0.00000000 0.00000000 0.00000000 0.00000000 0.00000000 0.00000000     0     0     0     0     0
 [5,] 0.00000000 0.00000000 0.00000000 0.00000000 0.00000000 0.00000000 0.00000000 0.00000000 0.00000000 0.00000000 0.00000000 0.00000000     0     0     0     0     0
 [6,] 0.00000000 0.00000000 0.00000000 0.00000000 0.00000000 0.00000000 0.00000000 0.00000000 0.00000000 0.00000000 0.00000000 0.00000000     0     0     0     0     0
 [7,] 0.00000000 0.00000000 0.00000000 0.00000000 0.00000000 0.00000000 0.00000000 0.00000000 0.00000000 0.00000000 0.00000000 0.00000000     0     0     0     0     0
 [8,] 0.00000000 0.00000000 0.00000000 0.00000000 0.00000000 0.00000000 0.00000000 0.00000000 0.00000000 0.00000000 0.00000000 0.00000000     0     0     0     0     0
 [9,] 0.01053015 0.01053015 0.01053015 0.01053015 0.01053015 0.01053015 0.01053015 0.01053015 0.00000000 0.00000000 0.00000000 0.00000000     0     0     0     0     0
[10,] 0.01053015 0.01053015 0.01053015 0.01053015 0.01053015 0.01053015 0.01053015 0.01053015 0.00000000 0.00000000 0.00000000 0.00000000     0     0     0     0     0
[11,] 0.01053015 0.01053015 0.01053015 0.01053015 0.01053015 0.01053015 0.01053015 0.01053015 0.00000000 0.00000000 0.00000000 0.00000000     0     0     0     0     0
[12,] 0.01053015 0.01053015 0.01053015 0.01053015 0.01053015 0.01053015 0.01053015 0.01053015 0.00000000 0.00000000 0.00000000 0.00000000     0     0     0     0     0
[13,] 0.00000000 0.00000000 0.00000000 0.00000000 0.00000000 0.00000000 0.00000000 0.00000000 0.01053015 0.01053015 0.01053015 0.01053015     0     0     0     0     0
[14,] 0.00000000 0.00000000 0.00000000 0.00000000 0.00000000 0.00000000 0.00000000 0.00000000 0.01053015 0.01053015 0.01053015 0.01053015     0     0     0     0     0
[15,] 0.00000000 0.00000000 0.00000000 0.00000000 0.00000000 0.00000000 0.00000000 0.00000000 0.01053015 0.01053015 0.01053015 0.01053015     0     0     0     0     0
[16,] 0.00000000 0.00000000 0.00000000 0.00000000 0.00000000 0.00000000 0.00000000 0.00000000 0.01053015 0.01053015 0.01053015 0.01053015     0     0     0     0     0
[17,] 0.00000000 0.00000000 0.00000000 0.00000000 0.00000000 0.00000000 0.00000000 0.00000000 0.01053015 0.01053015 0.01053015 0.01053015     0     0     0     0     0


[[1]][[23]]
[[1]][[23]]$partition
[[1]][[23]]$partition$a
[1] "A._pisum"            "B._mori"             "C._quinquefasciatus" "D._melanogaster"     "T._castaneum"       

[[1]][[23]]$partition$b
 [1] "A._cephalotes"  "A._echinatior"  "S._invicta"     "C._floridanus"  "L._humile"      "P._barbatus"    "H._saltator"    "A._florea"      "A._mellifera"  
[10] "B._impatiens"   "B._terrestris"  "N._vitripennis"


[[1]][[23]]$isolation_index
[1] 0.0096827

[[1]][[23]]$matrix
           [,1]      [,2]      [,3]      [,4]      [,5]      [,6]      [,7]      [,8]      [,9]     [,10]     [,11]     [,12]     [,13] [,14] [,15] [,16] [,17]
 [1,] 0.0000000 0.0000000 0.0000000 0.0000000 0.0000000 0.0000000 0.0000000 0.0000000 0.0000000 0.0000000 0.0000000 0.0000000 0.0000000     0     0     0     0
 [2,] 0.0096827 0.0000000 0.0000000 0.0000000 0.0000000 0.0000000 0.0000000 0.0000000 0.0000000 0.0000000 0.0000000 0.0000000 0.0000000     0     0     0     0
 [3,] 0.0096827 0.0000000 0.0000000 0.0000000 0.0000000 0.0000000 0.0000000 0.0000000 0.0000000 0.0000000 0.0000000 0.0000000 0.0000000     0     0     0     0
 [4,] 0.0096827 0.0000000 0.0000000 0.0000000 0.0000000 0.0000000 0.0000000 0.0000000 0.0000000 0.0000000 0.0000000 0.0000000 0.0000000     0     0     0     0
 [5,] 0.0096827 0.0000000 0.0000000 0.0000000 0.0000000 0.0000000 0.0000000 0.0000000 0.0000000 0.0000000 0.0000000 0.0000000 0.0000000     0     0     0     0
 [6,] 0.0096827 0.0000000 0.0000000 0.0000000 0.0000000 0.0000000 0.0000000 0.0000000 0.0000000 0.0000000 0.0000000 0.0000000 0.0000000     0     0     0     0
 [7,] 0.0096827 0.0000000 0.0000000 0.0000000 0.0000000 0.0000000 0.0000000 0.0000000 0.0000000 0.0000000 0.0000000 0.0000000 0.0000000     0     0     0     0
 [8,] 0.0096827 0.0000000 0.0000000 0.0000000 0.0000000 0.0000000 0.0000000 0.0000000 0.0000000 0.0000000 0.0000000 0.0000000 0.0000000     0     0     0     0
 [9,] 0.0096827 0.0000000 0.0000000 0.0000000 0.0000000 0.0000000 0.0000000 0.0000000 0.0000000 0.0000000 0.0000000 0.0000000 0.0000000     0     0     0     0
[10,] 0.0096827 0.0000000 0.0000000 0.0000000 0.0000000 0.0000000 0.0000000 0.0000000 0.0000000 0.0000000 0.0000000 0.0000000 0.0000000     0     0     0     0
[11,] 0.0096827 0.0000000 0.0000000 0.0000000 0.0000000 0.0000000 0.0000000 0.0000000 0.0000000 0.0000000 0.0000000 0.0000000 0.0000000     0     0     0     0
[12,] 0.0096827 0.0000000 0.0000000 0.0000000 0.0000000 0.0000000 0.0000000 0.0000000 0.0000000 0.0000000 0.0000000 0.0000000 0.0000000     0     0     0     0
[13,] 0.0096827 0.0000000 0.0000000 0.0000000 0.0000000 0.0000000 0.0000000 0.0000000 0.0000000 0.0000000 0.0000000 0.0000000 0.0000000     0     0     0     0
[14,] 0.0000000 0.0096827 0.0096827 0.0096827 0.0096827 0.0096827 0.0096827 0.0096827 0.0096827 0.0096827 0.0096827 0.0096827 0.0096827     0     0     0     0
[15,] 0.0000000 0.0096827 0.0096827 0.0096827 0.0096827 0.0096827 0.0096827 0.0096827 0.0096827 0.0096827 0.0096827 0.0096827 0.0096827     0     0     0     0
[16,] 0.0000000 0.0096827 0.0096827 0.0096827 0.0096827 0.0096827 0.0096827 0.0096827 0.0096827 0.0096827 0.0096827 0.0096827 0.0096827     0     0     0     0
[17,] 0.0000000 0.0096827 0.0096827 0.0096827 0.0096827 0.0096827 0.0096827 0.0096827 0.0096827 0.0096827 0.0096827 0.0096827 0.0096827     0     0     0     0


[[1]][[24]]
[[1]][[24]]$partition
[[1]][[24]]$partition$a
[1] "A._pisum"            "N._vitripennis"      "B._mori"             "C._quinquefasciatus" "D._melanogaster"     "T._castaneum"       

[[1]][[24]]$partition$b
 [1] "A._cephalotes" "A._echinatior" "S._invicta"    "C._floridanus" "L._humile"     "P._barbatus"   "H._saltator"   "A._florea"     "A._mellifera"  "B._impatiens" 
[11] "B._terrestris"


[[1]][[24]]$isolation_index
[1] 0.00587255

[[1]][[24]]$matrix
            [,1]       [,2]       [,3]       [,4]       [,5]       [,6]       [,7]       [,8]       [,9]      [,10]      [,11]      [,12] [,13] [,14] [,15] [,16] [,17]
 [1,] 0.00000000 0.00000000 0.00000000 0.00000000 0.00000000 0.00000000 0.00000000 0.00000000 0.00000000 0.00000000 0.00000000 0.00000000     0     0     0     0     0
 [2,] 0.00587255 0.00000000 0.00000000 0.00000000 0.00000000 0.00000000 0.00000000 0.00000000 0.00000000 0.00000000 0.00000000 0.00000000     0     0     0     0     0
 [3,] 0.00587255 0.00000000 0.00000000 0.00000000 0.00000000 0.00000000 0.00000000 0.00000000 0.00000000 0.00000000 0.00000000 0.00000000     0     0     0     0     0
 [4,] 0.00587255 0.00000000 0.00000000 0.00000000 0.00000000 0.00000000 0.00000000 0.00000000 0.00000000 0.00000000 0.00000000 0.00000000     0     0     0     0     0
 [5,] 0.00587255 0.00000000 0.00000000 0.00000000 0.00000000 0.00000000 0.00000000 0.00000000 0.00000000 0.00000000 0.00000000 0.00000000     0     0     0     0     0
 [6,] 0.00587255 0.00000000 0.00000000 0.00000000 0.00000000 0.00000000 0.00000000 0.00000000 0.00000000 0.00000000 0.00000000 0.00000000     0     0     0     0     0
 [7,] 0.00587255 0.00000000 0.00000000 0.00000000 0.00000000 0.00000000 0.00000000 0.00000000 0.00000000 0.00000000 0.00000000 0.00000000     0     0     0     0     0
 [8,] 0.00587255 0.00000000 0.00000000 0.00000000 0.00000000 0.00000000 0.00000000 0.00000000 0.00000000 0.00000000 0.00000000 0.00000000     0     0     0     0     0
 [9,] 0.00587255 0.00000000 0.00000000 0.00000000 0.00000000 0.00000000 0.00000000 0.00000000 0.00000000 0.00000000 0.00000000 0.00000000     0     0     0     0     0
[10,] 0.00587255 0.00000000 0.00000000 0.00000000 0.00000000 0.00000000 0.00000000 0.00000000 0.00000000 0.00000000 0.00000000 0.00000000     0     0     0     0     0
[11,] 0.00587255 0.00000000 0.00000000 0.00000000 0.00000000 0.00000000 0.00000000 0.00000000 0.00000000 0.00000000 0.00000000 0.00000000     0     0     0     0     0
[12,] 0.00587255 0.00000000 0.00000000 0.00000000 0.00000000 0.00000000 0.00000000 0.00000000 0.00000000 0.00000000 0.00000000 0.00000000     0     0     0     0     0
[13,] 0.00000000 0.00587255 0.00587255 0.00587255 0.00587255 0.00587255 0.00587255 0.00587255 0.00587255 0.00587255 0.00587255 0.00587255     0     0     0     0     0
[14,] 0.00000000 0.00587255 0.00587255 0.00587255 0.00587255 0.00587255 0.00587255 0.00587255 0.00587255 0.00587255 0.00587255 0.00587255     0     0     0     0     0
[15,] 0.00000000 0.00587255 0.00587255 0.00587255 0.00587255 0.00587255 0.00587255 0.00587255 0.00587255 0.00587255 0.00587255 0.00587255     0     0     0     0     0
[16,] 0.00000000 0.00587255 0.00587255 0.00587255 0.00587255 0.00587255 0.00587255 0.00587255 0.00587255 0.00587255 0.00587255 0.00587255     0     0     0     0     0
[17,] 0.00000000 0.00587255 0.00587255 0.00587255 0.00587255 0.00587255 0.00587255 0.00587255 0.00587255 0.00587255 0.00587255 0.00587255     0     0     0     0     0



[[2]]
           [,1]       [,2]       [,3]       [,4]       [,5]       [,6]       [,7]       [,8]       [,9]      [,10]      [,11]      [,12]      [,13]     [,14]     [,15]
 [1,] 0.0000000 0.00000000 0.00000000 0.00000000 0.00000000 0.00000000 0.00000000 0.00000000 0.00000000 0.00000000 0.00000000 0.00000000 0.00000000 0.0000000 0.0000000
 [2,] 0.1448160 0.00000000 0.00000000 0.00000000 0.00000000 0.00000000 0.00000000 0.00000000 0.00000000 0.00000000 0.00000000 0.00000000 0.00000000 0.0000000 0.0000000
 [3,] 0.1448160 0.00000000 0.00000000 0.00000000 0.00000000 0.00000000 0.00000000 0.00000000 0.00000000 0.00000000 0.00000000 0.00000000 0.00000000 0.0000000 0.0000000
 [4,] 0.1481374 0.00629885 0.00629885 0.00000000 0.00000000 0.00000000 0.00000000 0.00000000 0.00000000 0.00000000 0.00000000 0.00000000 0.00000000 0.0000000 0.0000000
 [5,] 0.1497564 0.00791790 0.00791790 0.01123925 0.00000000 0.00000000 0.00000000 0.00000000 0.00000000 0.00000000 0.00000000 0.00000000 0.00000000 0.0000000 0.0000000
 [6,] 0.1540222 0.01218365 0.01218365 0.01550500 0.01712405 0.00000000 0.00000000 0.00000000 0.00000000 0.00000000 0.00000000 0.00000000 0.00000000 0.0000000 0.0000000
 [7,] 0.1527914 0.01095295 0.01095295 0.01427430 0.01589335 0.02015910 0.00000000 0.00000000 0.00000000 0.00000000 0.00000000 0.00000000 0.00000000 0.0000000 0.0000000
 [8,] 0.1556878 0.01384930 0.01384930 0.01717065 0.01878970 0.02305545 0.02182475 0.00000000 0.00000000 0.00000000 0.00000000 0.00000000 0.00000000 0.0000000 0.0000000
 [9,] 0.1565982 0.01475975 0.01475975 0.01808110 0.01970015 0.02396590 0.02273520 0.02563155 0.00000000 0.00000000 0.00000000 0.00000000 0.00000000 0.0000000 0.0000000
[10,] 0.1565464 0.01470785 0.01470785 0.01802920 0.01964825 0.02391400 0.02268330 0.02557965 0.00089120 0.00000000 0.00000000 0.00000000 0.00000000 0.0000000 0.0000000
[11,] 0.1562357 0.01439715 0.01439715 0.01771850 0.01933755 0.02360330 0.02237260 0.02526895 0.00511910 0.00506720 0.00000000 0.00000000 0.00000000 0.0000000 0.0000000
[12,] 0.1549408 0.01310225 0.01310225 0.01642360 0.01804265 0.02230840 0.02107770 0.02397405 0.00382420 0.00377230 0.00129490 0.00000000 0.00000000 0.0000000 0.0000000
[13,] 0.1507061 0.02061265 0.02061265 0.02393400 0.02555305 0.02981880 0.02858810 0.03148445 0.03239490 0.03234300 0.03203230 0.03073740 0.00000000 0.0000000 0.0000000
[14,] 0.1755738 0.06834910 0.06834910 0.07167045 0.07328950 0.07755525 0.07632455 0.07922090 0.08013135 0.08007945 0.07976875 0.07847385 0.07423915 0.0000000 0.0000000
[15,] 0.1925708 0.08184280 0.08184280 0.08516415 0.08678320 0.09104895 0.08981825 0.09271460 0.09362505 0.09357315 0.09326245 0.09196755 0.08773285 0.1161039 0.0000000
[16,] 0.1868025 0.07607450 0.07607450 0.07939585 0.08101490 0.08528065 0.08404995 0.08694630 0.08785675 0.08780485 0.08749415 0.08619925 0.08196455 0.1103356 0.1041938
[17,] 0.2001856 0.08969290 0.08969290 0.09301425 0.09463330 0.09889905 0.09766835 0.10056470 0.10147515 0.10142325 0.10111255 0.09981765 0.09558295 0.1239540 0.1374477
          [,16] [,17]
 [1,] 0.0000000     0
 [2,] 0.0000000     0
 [3,] 0.0000000     0
 [4,] 0.0000000     0
 [5,] 0.0000000     0
 [6,] 0.0000000     0
 [7,] 0.0000000     0
 [8,] 0.0000000     0
 [9,] 0.0000000     0
[10,] 0.0000000     0
[11,] 0.0000000     0
[12,] 0.0000000     0
[13,] 0.0000000     0
[14,] 0.0000000     0
[15,] 0.0000000     0
[16,] 0.0000000     0
[17,] 0.1245983     0

