[[1]]
[[1]][[1]]
[[1]][[1]]$partition
[[1]][[1]]$partition$a
[1] "C._quinquefasciatus"

[[1]][[1]]$partition$b
 [1] "D._melanogaster" "B._mori"         "A._cepahlotes"   "A._echinatior"   "L._humile"       "C._floridanus"   "P._barbatus"     "H._saltator"     "A._florea"      
[10] "A._mellifera"    "B._impatiens"    "B._terrestris"   "N._vitrepennis"  "S._invicta"      "T._castaneum"    "A._pisum"       


[[1]][[1]]$isolation_index
[1] 0.02261625

[[1]][[1]]$matrix
            [,1] [,2] [,3] [,4] [,5] [,6] [,7] [,8] [,9] [,10] [,11] [,12] [,13] [,14] [,15] [,16] [,17]
 [1,] 0.00000000    0    0    0    0    0    0    0    0     0     0     0     0     0     0     0     0
 [2,] 0.02261625    0    0    0    0    0    0    0    0     0     0     0     0     0     0     0     0
 [3,] 0.02261625    0    0    0    0    0    0    0    0     0     0     0     0     0     0     0     0
 [4,] 0.02261625    0    0    0    0    0    0    0    0     0     0     0     0     0     0     0     0
 [5,] 0.02261625    0    0    0    0    0    0    0    0     0     0     0     0     0     0     0     0
 [6,] 0.02261625    0    0    0    0    0    0    0    0     0     0     0     0     0     0     0     0
 [7,] 0.02261625    0    0    0    0    0    0    0    0     0     0     0     0     0     0     0     0
 [8,] 0.02261625    0    0    0    0    0    0    0    0     0     0     0     0     0     0     0     0
 [9,] 0.02261625    0    0    0    0    0    0    0    0     0     0     0     0     0     0     0     0
[10,] 0.02261625    0    0    0    0    0    0    0    0     0     0     0     0     0     0     0     0
[11,] 0.02261625    0    0    0    0    0    0    0    0     0     0     0     0     0     0     0     0
[12,] 0.02261625    0    0    0    0    0    0    0    0     0     0     0     0     0     0     0     0
[13,] 0.02261625    0    0    0    0    0    0    0    0     0     0     0     0     0     0     0     0
[14,] 0.02261625    0    0    0    0    0    0    0    0     0     0     0     0     0     0     0     0
[15,] 0.02261625    0    0    0    0    0    0    0    0     0     0     0     0     0     0     0     0
[16,] 0.02261625    0    0    0    0    0    0    0    0     0     0     0     0     0     0     0     0
[17,] 0.02261625    0    0    0    0    0    0    0    0     0     0     0     0     0     0     0     0


[[1]][[2]]
[[1]][[2]]$partition
[[1]][[2]]$partition$a
[1] "D._melanogaster"

[[1]][[2]]$partition$b
 [1] "C._quinquefasciatus" "B._mori"             "A._cepahlotes"       "A._echinatior"       "L._humile"           "C._floridanus"       "P._barbatus"        
 [8] "H._saltator"         "A._florea"           "A._mellifera"        "B._impatiens"        "B._terrestris"       "N._vitrepennis"      "S._invicta"         
[15] "T._castaneum"        "A._pisum"           


[[1]][[2]]$isolation_index
[1] 0.0446815

[[1]][[2]]$matrix
           [,1]      [,2] [,3] [,4] [,5] [,6] [,7] [,8] [,9] [,10] [,11] [,12] [,13] [,14] [,15] [,16] [,17]
 [1,] 0.0000000 0.0000000    0    0    0    0    0    0    0     0     0     0     0     0     0     0     0
 [2,] 0.0446815 0.0000000    0    0    0    0    0    0    0     0     0     0     0     0     0     0     0
 [3,] 0.0000000 0.0446815    0    0    0    0    0    0    0     0     0     0     0     0     0     0     0
 [4,] 0.0000000 0.0446815    0    0    0    0    0    0    0     0     0     0     0     0     0     0     0
 [5,] 0.0000000 0.0446815    0    0    0    0    0    0    0     0     0     0     0     0     0     0     0
 [6,] 0.0000000 0.0446815    0    0    0    0    0    0    0     0     0     0     0     0     0     0     0
 [7,] 0.0000000 0.0446815    0    0    0    0    0    0    0     0     0     0     0     0     0     0     0
 [8,] 0.0000000 0.0446815    0    0    0    0    0    0    0     0     0     0     0     0     0     0     0
 [9,] 0.0000000 0.0446815    0    0    0    0    0    0    0     0     0     0     0     0     0     0     0
[10,] 0.0000000 0.0446815    0    0    0    0    0    0    0     0     0     0     0     0     0     0     0
[11,] 0.0000000 0.0446815    0    0    0    0    0    0    0     0     0     0     0     0     0     0     0
[12,] 0.0000000 0.0446815    0    0    0    0    0    0    0     0     0     0     0     0     0     0     0
[13,] 0.0000000 0.0446815    0    0    0    0    0    0    0     0     0     0     0     0     0     0     0
[14,] 0.0000000 0.0446815    0    0    0    0    0    0    0     0     0     0     0     0     0     0     0
[15,] 0.0000000 0.0446815    0    0    0    0    0    0    0     0     0     0     0     0     0     0     0
[16,] 0.0000000 0.0446815    0    0    0    0    0    0    0     0     0     0     0     0     0     0     0
[17,] 0.0000000 0.0446815    0    0    0    0    0    0    0     0     0     0     0     0     0     0     0


[[1]][[3]]
[[1]][[3]]$partition
[[1]][[3]]$partition$a
[1] "B._mori"

[[1]][[3]]$partition$b
 [1] "C._quinquefasciatus" "D._melanogaster"     "A._cepahlotes"       "A._echinatior"       "L._humile"           "C._floridanus"       "P._barbatus"        
 [8] "H._saltator"         "A._florea"           "A._mellifera"        "B._impatiens"        "B._terrestris"       "N._vitrepennis"      "S._invicta"         
[15] "T._castaneum"        "A._pisum"           


[[1]][[3]]$isolation_index
[1] 0.0459086

[[1]][[3]]$matrix
           [,1]      [,2]      [,3] [,4] [,5] [,6] [,7] [,8] [,9] [,10] [,11] [,12] [,13] [,14] [,15] [,16] [,17]
 [1,] 0.0000000 0.0000000 0.0000000    0    0    0    0    0    0     0     0     0     0     0     0     0     0
 [2,] 0.0000000 0.0000000 0.0000000    0    0    0    0    0    0     0     0     0     0     0     0     0     0
 [3,] 0.0459086 0.0459086 0.0000000    0    0    0    0    0    0     0     0     0     0     0     0     0     0
 [4,] 0.0000000 0.0000000 0.0459086    0    0    0    0    0    0     0     0     0     0     0     0     0     0
 [5,] 0.0000000 0.0000000 0.0459086    0    0    0    0    0    0     0     0     0     0     0     0     0     0
 [6,] 0.0000000 0.0000000 0.0459086    0    0    0    0    0    0     0     0     0     0     0     0     0     0
 [7,] 0.0000000 0.0000000 0.0459086    0    0    0    0    0    0     0     0     0     0     0     0     0     0
 [8,] 0.0000000 0.0000000 0.0459086    0    0    0    0    0    0     0     0     0     0     0     0     0     0
 [9,] 0.0000000 0.0000000 0.0459086    0    0    0    0    0    0     0     0     0     0     0     0     0     0
[10,] 0.0000000 0.0000000 0.0459086    0    0    0    0    0    0     0     0     0     0     0     0     0     0
[11,] 0.0000000 0.0000000 0.0459086    0    0    0    0    0    0     0     0     0     0     0     0     0     0
[12,] 0.0000000 0.0000000 0.0459086    0    0    0    0    0    0     0     0     0     0     0     0     0     0
[13,] 0.0000000 0.0000000 0.0459086    0    0    0    0    0    0     0     0     0     0     0     0     0     0
[14,] 0.0000000 0.0000000 0.0459086    0    0    0    0    0    0     0     0     0     0     0     0     0     0
[15,] 0.0000000 0.0000000 0.0459086    0    0    0    0    0    0     0     0     0     0     0     0     0     0
[16,] 0.0000000 0.0000000 0.0459086    0    0    0    0    0    0     0     0     0     0     0     0     0     0
[17,] 0.0000000 0.0000000 0.0459086    0    0    0    0    0    0     0     0     0     0     0     0     0     0


[[1]][[4]]
[[1]][[4]]$partition
[[1]][[4]]$partition$a
[1] "L._humile"

[[1]][[4]]$partition$b
 [1] "C._quinquefasciatus" "D._melanogaster"     "B._mori"             "A._cepahlotes"       "A._echinatior"       "C._floridanus"       "P._barbatus"        
 [8] "H._saltator"         "A._florea"           "A._mellifera"        "B._impatiens"        "B._terrestris"       "N._vitrepennis"      "S._invicta"         
[15] "T._castaneum"        "A._pisum"           


[[1]][[4]]$isolation_index
[1] 0.0052151

[[1]][[4]]$matrix
           [,1]      [,2]      [,3]      [,4]      [,5]      [,6] [,7] [,8] [,9] [,10] [,11] [,12] [,13] [,14] [,15] [,16] [,17]
 [1,] 0.0000000 0.0000000 0.0000000 0.0000000 0.0000000 0.0000000    0    0    0     0     0     0     0     0     0     0     0
 [2,] 0.0000000 0.0000000 0.0000000 0.0000000 0.0000000 0.0000000    0    0    0     0     0     0     0     0     0     0     0
 [3,] 0.0000000 0.0000000 0.0000000 0.0000000 0.0000000 0.0000000    0    0    0     0     0     0     0     0     0     0     0
 [4,] 0.0000000 0.0000000 0.0000000 0.0000000 0.0000000 0.0000000    0    0    0     0     0     0     0     0     0     0     0
 [5,] 0.0000000 0.0000000 0.0000000 0.0000000 0.0000000 0.0000000    0    0    0     0     0     0     0     0     0     0     0
 [6,] 0.0052151 0.0052151 0.0052151 0.0052151 0.0052151 0.0000000    0    0    0     0     0     0     0     0     0     0     0
 [7,] 0.0000000 0.0000000 0.0000000 0.0000000 0.0000000 0.0052151    0    0    0     0     0     0     0     0     0     0     0
 [8,] 0.0000000 0.0000000 0.0000000 0.0000000 0.0000000 0.0052151    0    0    0     0     0     0     0     0     0     0     0
 [9,] 0.0000000 0.0000000 0.0000000 0.0000000 0.0000000 0.0052151    0    0    0     0     0     0     0     0     0     0     0
[10,] 0.0000000 0.0000000 0.0000000 0.0000000 0.0000000 0.0052151    0    0    0     0     0     0     0     0     0     0     0
[11,] 0.0000000 0.0000000 0.0000000 0.0000000 0.0000000 0.0052151    0    0    0     0     0     0     0     0     0     0     0
[12,] 0.0000000 0.0000000 0.0000000 0.0000000 0.0000000 0.0052151    0    0    0     0     0     0     0     0     0     0     0
[13,] 0.0000000 0.0000000 0.0000000 0.0000000 0.0000000 0.0052151    0    0    0     0     0     0     0     0     0     0     0
[14,] 0.0000000 0.0000000 0.0000000 0.0000000 0.0000000 0.0052151    0    0    0     0     0     0     0     0     0     0     0
[15,] 0.0000000 0.0000000 0.0000000 0.0000000 0.0000000 0.0052151    0    0    0     0     0     0     0     0     0     0     0
[16,] 0.0000000 0.0000000 0.0000000 0.0000000 0.0000000 0.0052151    0    0    0     0     0     0     0     0     0     0     0
[17,] 0.0000000 0.0000000 0.0000000 0.0000000 0.0000000 0.0052151    0    0    0     0     0     0     0     0     0     0     0


[[1]][[5]]
[[1]][[5]]$partition
[[1]][[5]]$partition$a
[1] "C._floridanus"

[[1]][[5]]$partition$b
 [1] "C._quinquefasciatus" "D._melanogaster"     "B._mori"             "A._cepahlotes"       "A._echinatior"       "L._humile"           "P._barbatus"        
 [8] "H._saltator"         "A._florea"           "A._mellifera"        "B._impatiens"        "B._terrestris"       "N._vitrepennis"      "S._invicta"         
[15] "T._castaneum"        "A._pisum"           


[[1]][[5]]$isolation_index
[1] 0.0038203

[[1]][[5]]$matrix
           [,1]      [,2]      [,3]      [,4]      [,5]      [,6]      [,7] [,8] [,9] [,10] [,11] [,12] [,13] [,14] [,15] [,16] [,17]
 [1,] 0.0000000 0.0000000 0.0000000 0.0000000 0.0000000 0.0000000 0.0000000    0    0     0     0     0     0     0     0     0     0
 [2,] 0.0000000 0.0000000 0.0000000 0.0000000 0.0000000 0.0000000 0.0000000    0    0     0     0     0     0     0     0     0     0
 [3,] 0.0000000 0.0000000 0.0000000 0.0000000 0.0000000 0.0000000 0.0000000    0    0     0     0     0     0     0     0     0     0
 [4,] 0.0000000 0.0000000 0.0000000 0.0000000 0.0000000 0.0000000 0.0000000    0    0     0     0     0     0     0     0     0     0
 [5,] 0.0000000 0.0000000 0.0000000 0.0000000 0.0000000 0.0000000 0.0000000    0    0     0     0     0     0     0     0     0     0
 [6,] 0.0000000 0.0000000 0.0000000 0.0000000 0.0000000 0.0000000 0.0000000    0    0     0     0     0     0     0     0     0     0
 [7,] 0.0038203 0.0038203 0.0038203 0.0038203 0.0038203 0.0038203 0.0000000    0    0     0     0     0     0     0     0     0     0
 [8,] 0.0000000 0.0000000 0.0000000 0.0000000 0.0000000 0.0000000 0.0038203    0    0     0     0     0     0     0     0     0     0
 [9,] 0.0000000 0.0000000 0.0000000 0.0000000 0.0000000 0.0000000 0.0038203    0    0     0     0     0     0     0     0     0     0
[10,] 0.0000000 0.0000000 0.0000000 0.0000000 0.0000000 0.0000000 0.0038203    0    0     0     0     0     0     0     0     0     0
[11,] 0.0000000 0.0000000 0.0000000 0.0000000 0.0000000 0.0000000 0.0038203    0    0     0     0     0     0     0     0     0     0
[12,] 0.0000000 0.0000000 0.0000000 0.0000000 0.0000000 0.0000000 0.0038203    0    0     0     0     0     0     0     0     0     0
[13,] 0.0000000 0.0000000 0.0000000 0.0000000 0.0000000 0.0000000 0.0038203    0    0     0     0     0     0     0     0     0     0
[14,] 0.0000000 0.0000000 0.0000000 0.0000000 0.0000000 0.0000000 0.0038203    0    0     0     0     0     0     0     0     0     0
[15,] 0.0000000 0.0000000 0.0000000 0.0000000 0.0000000 0.0000000 0.0038203    0    0     0     0     0     0     0     0     0     0
[16,] 0.0000000 0.0000000 0.0000000 0.0000000 0.0000000 0.0000000 0.0038203    0    0     0     0     0     0     0     0     0     0
[17,] 0.0000000 0.0000000 0.0000000 0.0000000 0.0000000 0.0000000 0.0038203    0    0     0     0     0     0     0     0     0     0


[[1]][[6]]
[[1]][[6]]$partition
[[1]][[6]]$partition$a
[1] "P._barbatus"

[[1]][[6]]$partition$b
 [1] "C._quinquefasciatus" "D._melanogaster"     "B._mori"             "A._cepahlotes"       "A._echinatior"       "L._humile"           "C._floridanus"      
 [8] "H._saltator"         "A._florea"           "A._mellifera"        "B._impatiens"        "B._terrestris"       "N._vitrepennis"      "S._invicta"         
[15] "T._castaneum"        "A._pisum"           


[[1]][[6]]$isolation_index
[1] 0.0082733

[[1]][[6]]$matrix
           [,1]      [,2]      [,3]      [,4]      [,5]      [,6]      [,7]      [,8] [,9] [,10] [,11] [,12] [,13] [,14] [,15] [,16] [,17]
 [1,] 0.0000000 0.0000000 0.0000000 0.0000000 0.0000000 0.0000000 0.0000000 0.0000000    0     0     0     0     0     0     0     0     0
 [2,] 0.0000000 0.0000000 0.0000000 0.0000000 0.0000000 0.0000000 0.0000000 0.0000000    0     0     0     0     0     0     0     0     0
 [3,] 0.0000000 0.0000000 0.0000000 0.0000000 0.0000000 0.0000000 0.0000000 0.0000000    0     0     0     0     0     0     0     0     0
 [4,] 0.0000000 0.0000000 0.0000000 0.0000000 0.0000000 0.0000000 0.0000000 0.0000000    0     0     0     0     0     0     0     0     0
 [5,] 0.0000000 0.0000000 0.0000000 0.0000000 0.0000000 0.0000000 0.0000000 0.0000000    0     0     0     0     0     0     0     0     0
 [6,] 0.0000000 0.0000000 0.0000000 0.0000000 0.0000000 0.0000000 0.0000000 0.0000000    0     0     0     0     0     0     0     0     0
 [7,] 0.0000000 0.0000000 0.0000000 0.0000000 0.0000000 0.0000000 0.0000000 0.0000000    0     0     0     0     0     0     0     0     0
 [8,] 0.0082733 0.0082733 0.0082733 0.0082733 0.0082733 0.0082733 0.0082733 0.0000000    0     0     0     0     0     0     0     0     0
 [9,] 0.0000000 0.0000000 0.0000000 0.0000000 0.0000000 0.0000000 0.0000000 0.0082733    0     0     0     0     0     0     0     0     0
[10,] 0.0000000 0.0000000 0.0000000 0.0000000 0.0000000 0.0000000 0.0000000 0.0082733    0     0     0     0     0     0     0     0     0
[11,] 0.0000000 0.0000000 0.0000000 0.0000000 0.0000000 0.0000000 0.0000000 0.0082733    0     0     0     0     0     0     0     0     0
[12,] 0.0000000 0.0000000 0.0000000 0.0000000 0.0000000 0.0000000 0.0000000 0.0082733    0     0     0     0     0     0     0     0     0
[13,] 0.0000000 0.0000000 0.0000000 0.0000000 0.0000000 0.0000000 0.0000000 0.0082733    0     0     0     0     0     0     0     0     0
[14,] 0.0000000 0.0000000 0.0000000 0.0000000 0.0000000 0.0000000 0.0000000 0.0082733    0     0     0     0     0     0     0     0     0
[15,] 0.0000000 0.0000000 0.0000000 0.0000000 0.0000000 0.0000000 0.0000000 0.0082733    0     0     0     0     0     0     0     0     0
[16,] 0.0000000 0.0000000 0.0000000 0.0000000 0.0000000 0.0000000 0.0000000 0.0082733    0     0     0     0     0     0     0     0     0
[17,] 0.0000000 0.0000000 0.0000000 0.0000000 0.0000000 0.0000000 0.0000000 0.0082733    0     0     0     0     0     0     0     0     0


[[1]][[7]]
[[1]][[7]]$partition
[[1]][[7]]$partition$a
[1] "H._saltator"

[[1]][[7]]$partition$b
 [1] "C._quinquefasciatus" "D._melanogaster"     "B._mori"             "A._cepahlotes"       "A._echinatior"       "L._humile"           "C._floridanus"      
 [8] "P._barbatus"         "A._florea"           "A._mellifera"        "B._impatiens"        "B._terrestris"       "N._vitrepennis"      "S._invicta"         
[15] "T._castaneum"        "A._pisum"           


[[1]][[7]]$isolation_index
[1] 0.01054605

[[1]][[7]]$matrix
            [,1]       [,2]       [,3]       [,4]       [,5]       [,6]       [,7]       [,8]       [,9] [,10] [,11] [,12] [,13] [,14] [,15] [,16] [,17]
 [1,] 0.00000000 0.00000000 0.00000000 0.00000000 0.00000000 0.00000000 0.00000000 0.00000000 0.00000000     0     0     0     0     0     0     0     0
 [2,] 0.00000000 0.00000000 0.00000000 0.00000000 0.00000000 0.00000000 0.00000000 0.00000000 0.00000000     0     0     0     0     0     0     0     0
 [3,] 0.00000000 0.00000000 0.00000000 0.00000000 0.00000000 0.00000000 0.00000000 0.00000000 0.00000000     0     0     0     0     0     0     0     0
 [4,] 0.00000000 0.00000000 0.00000000 0.00000000 0.00000000 0.00000000 0.00000000 0.00000000 0.00000000     0     0     0     0     0     0     0     0
 [5,] 0.00000000 0.00000000 0.00000000 0.00000000 0.00000000 0.00000000 0.00000000 0.00000000 0.00000000     0     0     0     0     0     0     0     0
 [6,] 0.00000000 0.00000000 0.00000000 0.00000000 0.00000000 0.00000000 0.00000000 0.00000000 0.00000000     0     0     0     0     0     0     0     0
 [7,] 0.00000000 0.00000000 0.00000000 0.00000000 0.00000000 0.00000000 0.00000000 0.00000000 0.00000000     0     0     0     0     0     0     0     0
 [8,] 0.00000000 0.00000000 0.00000000 0.00000000 0.00000000 0.00000000 0.00000000 0.00000000 0.00000000     0     0     0     0     0     0     0     0
 [9,] 0.01054605 0.01054605 0.01054605 0.01054605 0.01054605 0.01054605 0.01054605 0.01054605 0.00000000     0     0     0     0     0     0     0     0
[10,] 0.00000000 0.00000000 0.00000000 0.00000000 0.00000000 0.00000000 0.00000000 0.00000000 0.01054605     0     0     0     0     0     0     0     0
[11,] 0.00000000 0.00000000 0.00000000 0.00000000 0.00000000 0.00000000 0.00000000 0.00000000 0.01054605     0     0     0     0     0     0     0     0
[12,] 0.00000000 0.00000000 0.00000000 0.00000000 0.00000000 0.00000000 0.00000000 0.00000000 0.01054605     0     0     0     0     0     0     0     0
[13,] 0.00000000 0.00000000 0.00000000 0.00000000 0.00000000 0.00000000 0.00000000 0.00000000 0.01054605     0     0     0     0     0     0     0     0
[14,] 0.00000000 0.00000000 0.00000000 0.00000000 0.00000000 0.00000000 0.00000000 0.00000000 0.01054605     0     0     0     0     0     0     0     0
[15,] 0.00000000 0.00000000 0.00000000 0.00000000 0.00000000 0.00000000 0.00000000 0.00000000 0.01054605     0     0     0     0     0     0     0     0
[16,] 0.00000000 0.00000000 0.00000000 0.00000000 0.00000000 0.00000000 0.00000000 0.00000000 0.01054605     0     0     0     0     0     0     0     0
[17,] 0.00000000 0.00000000 0.00000000 0.00000000 0.00000000 0.00000000 0.00000000 0.00000000 0.01054605     0     0     0     0     0     0     0     0


[[1]][[8]]
[[1]][[8]]$partition
[[1]][[8]]$partition$a
[1] "A._florea"

[[1]][[8]]$partition$b
 [1] "C._quinquefasciatus" "D._melanogaster"     "B._mori"             "A._cepahlotes"       "A._echinatior"       "L._humile"           "C._floridanus"      
 [8] "P._barbatus"         "H._saltator"         "A._mellifera"        "B._impatiens"        "B._terrestris"       "N._vitrepennis"      "S._invicta"         
[15] "T._castaneum"        "A._pisum"           


[[1]][[8]]$isolation_index
[1] 0.00014665

[[1]][[8]]$matrix
            [,1]       [,2]       [,3]       [,4]       [,5]       [,6]       [,7]       [,8]       [,9]      [,10] [,11] [,12] [,13] [,14] [,15] [,16] [,17]
 [1,] 0.00000000 0.00000000 0.00000000 0.00000000 0.00000000 0.00000000 0.00000000 0.00000000 0.00000000 0.00000000     0     0     0     0     0     0     0
 [2,] 0.00000000 0.00000000 0.00000000 0.00000000 0.00000000 0.00000000 0.00000000 0.00000000 0.00000000 0.00000000     0     0     0     0     0     0     0
 [3,] 0.00000000 0.00000000 0.00000000 0.00000000 0.00000000 0.00000000 0.00000000 0.00000000 0.00000000 0.00000000     0     0     0     0     0     0     0
 [4,] 0.00000000 0.00000000 0.00000000 0.00000000 0.00000000 0.00000000 0.00000000 0.00000000 0.00000000 0.00000000     0     0     0     0     0     0     0
 [5,] 0.00000000 0.00000000 0.00000000 0.00000000 0.00000000 0.00000000 0.00000000 0.00000000 0.00000000 0.00000000     0     0     0     0     0     0     0
 [6,] 0.00000000 0.00000000 0.00000000 0.00000000 0.00000000 0.00000000 0.00000000 0.00000000 0.00000000 0.00000000     0     0     0     0     0     0     0
 [7,] 0.00000000 0.00000000 0.00000000 0.00000000 0.00000000 0.00000000 0.00000000 0.00000000 0.00000000 0.00000000     0     0     0     0     0     0     0
 [8,] 0.00000000 0.00000000 0.00000000 0.00000000 0.00000000 0.00000000 0.00000000 0.00000000 0.00000000 0.00000000     0     0     0     0     0     0     0
 [9,] 0.00000000 0.00000000 0.00000000 0.00000000 0.00000000 0.00000000 0.00000000 0.00000000 0.00000000 0.00000000     0     0     0     0     0     0     0
[10,] 0.00014665 0.00014665 0.00014665 0.00014665 0.00014665 0.00014665 0.00014665 0.00014665 0.00014665 0.00000000     0     0     0     0     0     0     0
[11,] 0.00000000 0.00000000 0.00000000 0.00000000 0.00000000 0.00000000 0.00000000 0.00000000 0.00000000 0.00014665     0     0     0     0     0     0     0
[12,] 0.00000000 0.00000000 0.00000000 0.00000000 0.00000000 0.00000000 0.00000000 0.00000000 0.00000000 0.00014665     0     0     0     0     0     0     0
[13,] 0.00000000 0.00000000 0.00000000 0.00000000 0.00000000 0.00000000 0.00000000 0.00000000 0.00000000 0.00014665     0     0     0     0     0     0     0
[14,] 0.00000000 0.00000000 0.00000000 0.00000000 0.00000000 0.00000000 0.00000000 0.00000000 0.00000000 0.00014665     0     0     0     0     0     0     0
[15,] 0.00000000 0.00000000 0.00000000 0.00000000 0.00000000 0.00000000 0.00000000 0.00000000 0.00000000 0.00014665     0     0     0     0     0     0     0
[16,] 0.00000000 0.00000000 0.00000000 0.00000000 0.00000000 0.00000000 0.00000000 0.00000000 0.00000000 0.00014665     0     0     0     0     0     0     0
[17,] 0.00000000 0.00000000 0.00000000 0.00000000 0.00000000 0.00000000 0.00000000 0.00000000 0.00000000 0.00014665     0     0     0     0     0     0     0


[[1]][[9]]
[[1]][[9]]$partition
[[1]][[9]]$partition$a
[1] "B._impatiens"

[[1]][[9]]$partition$b
 [1] "C._quinquefasciatus" "D._melanogaster"     "B._mori"             "A._cepahlotes"       "A._echinatior"       "L._humile"           "C._floridanus"      
 [8] "P._barbatus"         "H._saltator"         "A._florea"           "A._mellifera"        "B._terrestris"       "N._vitrepennis"      "S._invicta"         
[15] "T._castaneum"        "A._pisum"           


[[1]][[9]]$isolation_index
[1] 0.0009833

[[1]][[9]]$matrix
           [,1]      [,2]      [,3]      [,4]      [,5]      [,6]      [,7]      [,8]      [,9]     [,10]     [,11]     [,12] [,13] [,14] [,15] [,16] [,17]
 [1,] 0.0000000 0.0000000 0.0000000 0.0000000 0.0000000 0.0000000 0.0000000 0.0000000 0.0000000 0.0000000 0.0000000 0.0000000     0     0     0     0     0
 [2,] 0.0000000 0.0000000 0.0000000 0.0000000 0.0000000 0.0000000 0.0000000 0.0000000 0.0000000 0.0000000 0.0000000 0.0000000     0     0     0     0     0
 [3,] 0.0000000 0.0000000 0.0000000 0.0000000 0.0000000 0.0000000 0.0000000 0.0000000 0.0000000 0.0000000 0.0000000 0.0000000     0     0     0     0     0
 [4,] 0.0000000 0.0000000 0.0000000 0.0000000 0.0000000 0.0000000 0.0000000 0.0000000 0.0000000 0.0000000 0.0000000 0.0000000     0     0     0     0     0
 [5,] 0.0000000 0.0000000 0.0000000 0.0000000 0.0000000 0.0000000 0.0000000 0.0000000 0.0000000 0.0000000 0.0000000 0.0000000     0     0     0     0     0
 [6,] 0.0000000 0.0000000 0.0000000 0.0000000 0.0000000 0.0000000 0.0000000 0.0000000 0.0000000 0.0000000 0.0000000 0.0000000     0     0     0     0     0
 [7,] 0.0000000 0.0000000 0.0000000 0.0000000 0.0000000 0.0000000 0.0000000 0.0000000 0.0000000 0.0000000 0.0000000 0.0000000     0     0     0     0     0
 [8,] 0.0000000 0.0000000 0.0000000 0.0000000 0.0000000 0.0000000 0.0000000 0.0000000 0.0000000 0.0000000 0.0000000 0.0000000     0     0     0     0     0
 [9,] 0.0000000 0.0000000 0.0000000 0.0000000 0.0000000 0.0000000 0.0000000 0.0000000 0.0000000 0.0000000 0.0000000 0.0000000     0     0     0     0     0
[10,] 0.0000000 0.0000000 0.0000000 0.0000000 0.0000000 0.0000000 0.0000000 0.0000000 0.0000000 0.0000000 0.0000000 0.0000000     0     0     0     0     0
[11,] 0.0000000 0.0000000 0.0000000 0.0000000 0.0000000 0.0000000 0.0000000 0.0000000 0.0000000 0.0000000 0.0000000 0.0000000     0     0     0     0     0
[12,] 0.0009833 0.0009833 0.0009833 0.0009833 0.0009833 0.0009833 0.0009833 0.0009833 0.0009833 0.0009833 0.0009833 0.0000000     0     0     0     0     0
[13,] 0.0000000 0.0000000 0.0000000 0.0000000 0.0000000 0.0000000 0.0000000 0.0000000 0.0000000 0.0000000 0.0000000 0.0009833     0     0     0     0     0
[14,] 0.0000000 0.0000000 0.0000000 0.0000000 0.0000000 0.0000000 0.0000000 0.0000000 0.0000000 0.0000000 0.0000000 0.0009833     0     0     0     0     0
[15,] 0.0000000 0.0000000 0.0000000 0.0000000 0.0000000 0.0000000 0.0000000 0.0000000 0.0000000 0.0000000 0.0000000 0.0009833     0     0     0     0     0
[16,] 0.0000000 0.0000000 0.0000000 0.0000000 0.0000000 0.0000000 0.0000000 0.0000000 0.0000000 0.0000000 0.0000000 0.0009833     0     0     0     0     0
[17,] 0.0000000 0.0000000 0.0000000 0.0000000 0.0000000 0.0000000 0.0000000 0.0000000 0.0000000 0.0000000 0.0000000 0.0009833     0     0     0     0     0


[[1]][[10]]
[[1]][[10]]$partition
[[1]][[10]]$partition$a
[1] "N._vitrepennis"

[[1]][[10]]$partition$b
 [1] "C._quinquefasciatus" "D._melanogaster"     "B._mori"             "A._cepahlotes"       "A._echinatior"       "L._humile"           "C._floridanus"      
 [8] "P._barbatus"         "H._saltator"         "A._florea"           "A._mellifera"        "B._impatiens"        "B._terrestris"       "S._invicta"         
[15] "T._castaneum"        "A._pisum"           


[[1]][[10]]$isolation_index
[1] 0.0192608

[[1]][[10]]$matrix
           [,1]      [,2]      [,3]      [,4]      [,5]      [,6]      [,7]      [,8]      [,9]     [,10]     [,11]     [,12]     [,13]     [,14] [,15] [,16] [,17]
 [1,] 0.0000000 0.0000000 0.0000000 0.0000000 0.0000000 0.0000000 0.0000000 0.0000000 0.0000000 0.0000000 0.0000000 0.0000000 0.0000000 0.0000000     0     0     0
 [2,] 0.0000000 0.0000000 0.0000000 0.0000000 0.0000000 0.0000000 0.0000000 0.0000000 0.0000000 0.0000000 0.0000000 0.0000000 0.0000000 0.0000000     0     0     0
 [3,] 0.0000000 0.0000000 0.0000000 0.0000000 0.0000000 0.0000000 0.0000000 0.0000000 0.0000000 0.0000000 0.0000000 0.0000000 0.0000000 0.0000000     0     0     0
 [4,] 0.0000000 0.0000000 0.0000000 0.0000000 0.0000000 0.0000000 0.0000000 0.0000000 0.0000000 0.0000000 0.0000000 0.0000000 0.0000000 0.0000000     0     0     0
 [5,] 0.0000000 0.0000000 0.0000000 0.0000000 0.0000000 0.0000000 0.0000000 0.0000000 0.0000000 0.0000000 0.0000000 0.0000000 0.0000000 0.0000000     0     0     0
 [6,] 0.0000000 0.0000000 0.0000000 0.0000000 0.0000000 0.0000000 0.0000000 0.0000000 0.0000000 0.0000000 0.0000000 0.0000000 0.0000000 0.0000000     0     0     0
 [7,] 0.0000000 0.0000000 0.0000000 0.0000000 0.0000000 0.0000000 0.0000000 0.0000000 0.0000000 0.0000000 0.0000000 0.0000000 0.0000000 0.0000000     0     0     0
 [8,] 0.0000000 0.0000000 0.0000000 0.0000000 0.0000000 0.0000000 0.0000000 0.0000000 0.0000000 0.0000000 0.0000000 0.0000000 0.0000000 0.0000000     0     0     0
 [9,] 0.0000000 0.0000000 0.0000000 0.0000000 0.0000000 0.0000000 0.0000000 0.0000000 0.0000000 0.0000000 0.0000000 0.0000000 0.0000000 0.0000000     0     0     0
[10,] 0.0000000 0.0000000 0.0000000 0.0000000 0.0000000 0.0000000 0.0000000 0.0000000 0.0000000 0.0000000 0.0000000 0.0000000 0.0000000 0.0000000     0     0     0
[11,] 0.0000000 0.0000000 0.0000000 0.0000000 0.0000000 0.0000000 0.0000000 0.0000000 0.0000000 0.0000000 0.0000000 0.0000000 0.0000000 0.0000000     0     0     0
[12,] 0.0000000 0.0000000 0.0000000 0.0000000 0.0000000 0.0000000 0.0000000 0.0000000 0.0000000 0.0000000 0.0000000 0.0000000 0.0000000 0.0000000     0     0     0
[13,] 0.0000000 0.0000000 0.0000000 0.0000000 0.0000000 0.0000000 0.0000000 0.0000000 0.0000000 0.0000000 0.0000000 0.0000000 0.0000000 0.0000000     0     0     0
[14,] 0.0192608 0.0192608 0.0192608 0.0192608 0.0192608 0.0192608 0.0192608 0.0192608 0.0192608 0.0192608 0.0192608 0.0192608 0.0192608 0.0000000     0     0     0
[15,] 0.0000000 0.0000000 0.0000000 0.0000000 0.0000000 0.0000000 0.0000000 0.0000000 0.0000000 0.0000000 0.0000000 0.0000000 0.0000000 0.0192608     0     0     0
[16,] 0.0000000 0.0000000 0.0000000 0.0000000 0.0000000 0.0000000 0.0000000 0.0000000 0.0000000 0.0000000 0.0000000 0.0000000 0.0000000 0.0192608     0     0     0
[17,] 0.0000000 0.0000000 0.0000000 0.0000000 0.0000000 0.0000000 0.0000000 0.0000000 0.0000000 0.0000000 0.0000000 0.0000000 0.0000000 0.0192608     0     0     0


[[1]][[11]]
[[1]][[11]]$partition
[[1]][[11]]$partition$a
[1] "S._invicta"

[[1]][[11]]$partition$b
 [1] "C._quinquefasciatus" "D._melanogaster"     "B._mori"             "A._cepahlotes"       "A._echinatior"       "L._humile"           "C._floridanus"      
 [8] "P._barbatus"         "H._saltator"         "A._florea"           "A._mellifera"        "B._impatiens"        "B._terrestris"       "N._vitrepennis"     
[15] "T._castaneum"        "A._pisum"           


[[1]][[11]]$isolation_index
[1] 0.05426585

[[1]][[11]]$matrix
            [,1]       [,2]       [,3]       [,4]       [,5]       [,6]       [,7]       [,8]       [,9]      [,10]      [,11]      [,12]      [,13]      [,14]
 [1,] 0.00000000 0.00000000 0.00000000 0.00000000 0.00000000 0.00000000 0.00000000 0.00000000 0.00000000 0.00000000 0.00000000 0.00000000 0.00000000 0.00000000
 [2,] 0.00000000 0.00000000 0.00000000 0.00000000 0.00000000 0.00000000 0.00000000 0.00000000 0.00000000 0.00000000 0.00000000 0.00000000 0.00000000 0.00000000
 [3,] 0.00000000 0.00000000 0.00000000 0.00000000 0.00000000 0.00000000 0.00000000 0.00000000 0.00000000 0.00000000 0.00000000 0.00000000 0.00000000 0.00000000
 [4,] 0.00000000 0.00000000 0.00000000 0.00000000 0.00000000 0.00000000 0.00000000 0.00000000 0.00000000 0.00000000 0.00000000 0.00000000 0.00000000 0.00000000
 [5,] 0.00000000 0.00000000 0.00000000 0.00000000 0.00000000 0.00000000 0.00000000 0.00000000 0.00000000 0.00000000 0.00000000 0.00000000 0.00000000 0.00000000
 [6,] 0.00000000 0.00000000 0.00000000 0.00000000 0.00000000 0.00000000 0.00000000 0.00000000 0.00000000 0.00000000 0.00000000 0.00000000 0.00000000 0.00000000
 [7,] 0.00000000 0.00000000 0.00000000 0.00000000 0.00000000 0.00000000 0.00000000 0.00000000 0.00000000 0.00000000 0.00000000 0.00000000 0.00000000 0.00000000
 [8,] 0.00000000 0.00000000 0.00000000 0.00000000 0.00000000 0.00000000 0.00000000 0.00000000 0.00000000 0.00000000 0.00000000 0.00000000 0.00000000 0.00000000
 [9,] 0.00000000 0.00000000 0.00000000 0.00000000 0.00000000 0.00000000 0.00000000 0.00000000 0.00000000 0.00000000 0.00000000 0.00000000 0.00000000 0.00000000
[10,] 0.00000000 0.00000000 0.00000000 0.00000000 0.00000000 0.00000000 0.00000000 0.00000000 0.00000000 0.00000000 0.00000000 0.00000000 0.00000000 0.00000000
[11,] 0.00000000 0.00000000 0.00000000 0.00000000 0.00000000 0.00000000 0.00000000 0.00000000 0.00000000 0.00000000 0.00000000 0.00000000 0.00000000 0.00000000
[12,] 0.00000000 0.00000000 0.00000000 0.00000000 0.00000000 0.00000000 0.00000000 0.00000000 0.00000000 0.00000000 0.00000000 0.00000000 0.00000000 0.00000000
[13,] 0.00000000 0.00000000 0.00000000 0.00000000 0.00000000 0.00000000 0.00000000 0.00000000 0.00000000 0.00000000 0.00000000 0.00000000 0.00000000 0.00000000
[14,] 0.00000000 0.00000000 0.00000000 0.00000000 0.00000000 0.00000000 0.00000000 0.00000000 0.00000000 0.00000000 0.00000000 0.00000000 0.00000000 0.00000000
[15,] 0.05426585 0.05426585 0.05426585 0.05426585 0.05426585 0.05426585 0.05426585 0.05426585 0.05426585 0.05426585 0.05426585 0.05426585 0.05426585 0.05426585
[16,] 0.00000000 0.00000000 0.00000000 0.00000000 0.00000000 0.00000000 0.00000000 0.00000000 0.00000000 0.00000000 0.00000000 0.00000000 0.00000000 0.00000000
[17,] 0.00000000 0.00000000 0.00000000 0.00000000 0.00000000 0.00000000 0.00000000 0.00000000 0.00000000 0.00000000 0.00000000 0.00000000 0.00000000 0.00000000
           [,15] [,16] [,17]
 [1,] 0.00000000     0     0
 [2,] 0.00000000     0     0
 [3,] 0.00000000     0     0
 [4,] 0.00000000     0     0
 [5,] 0.00000000     0     0
 [6,] 0.00000000     0     0
 [7,] 0.00000000     0     0
 [8,] 0.00000000     0     0
 [9,] 0.00000000     0     0
[10,] 0.00000000     0     0
[11,] 0.00000000     0     0
[12,] 0.00000000     0     0
[13,] 0.00000000     0     0
[14,] 0.00000000     0     0
[15,] 0.00000000     0     0
[16,] 0.05426585     0     0
[17,] 0.05426585     0     0


[[1]][[12]]
[[1]][[12]]$partition
[[1]][[12]]$partition$a
[1] "T._castaneum"

[[1]][[12]]$partition$b
 [1] "C._quinquefasciatus" "D._melanogaster"     "B._mori"             "A._cepahlotes"       "A._echinatior"       "L._humile"           "C._floridanus"      
 [8] "P._barbatus"         "H._saltator"         "A._florea"           "A._mellifera"        "B._impatiens"        "B._terrestris"       "N._vitrepennis"     
[15] "S._invicta"          "A._pisum"           


[[1]][[12]]$isolation_index
[1] 0.02803985

[[1]][[12]]$matrix
            [,1]       [,2]       [,3]       [,4]       [,5]       [,6]       [,7]       [,8]       [,9]      [,10]      [,11]      [,12]      [,13]      [,14]
 [1,] 0.00000000 0.00000000 0.00000000 0.00000000 0.00000000 0.00000000 0.00000000 0.00000000 0.00000000 0.00000000 0.00000000 0.00000000 0.00000000 0.00000000
 [2,] 0.00000000 0.00000000 0.00000000 0.00000000 0.00000000 0.00000000 0.00000000 0.00000000 0.00000000 0.00000000 0.00000000 0.00000000 0.00000000 0.00000000
 [3,] 0.00000000 0.00000000 0.00000000 0.00000000 0.00000000 0.00000000 0.00000000 0.00000000 0.00000000 0.00000000 0.00000000 0.00000000 0.00000000 0.00000000
 [4,] 0.00000000 0.00000000 0.00000000 0.00000000 0.00000000 0.00000000 0.00000000 0.00000000 0.00000000 0.00000000 0.00000000 0.00000000 0.00000000 0.00000000
 [5,] 0.00000000 0.00000000 0.00000000 0.00000000 0.00000000 0.00000000 0.00000000 0.00000000 0.00000000 0.00000000 0.00000000 0.00000000 0.00000000 0.00000000
 [6,] 0.00000000 0.00000000 0.00000000 0.00000000 0.00000000 0.00000000 0.00000000 0.00000000 0.00000000 0.00000000 0.00000000 0.00000000 0.00000000 0.00000000
 [7,] 0.00000000 0.00000000 0.00000000 0.00000000 0.00000000 0.00000000 0.00000000 0.00000000 0.00000000 0.00000000 0.00000000 0.00000000 0.00000000 0.00000000
 [8,] 0.00000000 0.00000000 0.00000000 0.00000000 0.00000000 0.00000000 0.00000000 0.00000000 0.00000000 0.00000000 0.00000000 0.00000000 0.00000000 0.00000000
 [9,] 0.00000000 0.00000000 0.00000000 0.00000000 0.00000000 0.00000000 0.00000000 0.00000000 0.00000000 0.00000000 0.00000000 0.00000000 0.00000000 0.00000000
[10,] 0.00000000 0.00000000 0.00000000 0.00000000 0.00000000 0.00000000 0.00000000 0.00000000 0.00000000 0.00000000 0.00000000 0.00000000 0.00000000 0.00000000
[11,] 0.00000000 0.00000000 0.00000000 0.00000000 0.00000000 0.00000000 0.00000000 0.00000000 0.00000000 0.00000000 0.00000000 0.00000000 0.00000000 0.00000000
[12,] 0.00000000 0.00000000 0.00000000 0.00000000 0.00000000 0.00000000 0.00000000 0.00000000 0.00000000 0.00000000 0.00000000 0.00000000 0.00000000 0.00000000
[13,] 0.00000000 0.00000000 0.00000000 0.00000000 0.00000000 0.00000000 0.00000000 0.00000000 0.00000000 0.00000000 0.00000000 0.00000000 0.00000000 0.00000000
[14,] 0.00000000 0.00000000 0.00000000 0.00000000 0.00000000 0.00000000 0.00000000 0.00000000 0.00000000 0.00000000 0.00000000 0.00000000 0.00000000 0.00000000
[15,] 0.00000000 0.00000000 0.00000000 0.00000000 0.00000000 0.00000000 0.00000000 0.00000000 0.00000000 0.00000000 0.00000000 0.00000000 0.00000000 0.00000000
[16,] 0.02803985 0.02803985 0.02803985 0.02803985 0.02803985 0.02803985 0.02803985 0.02803985 0.02803985 0.02803985 0.02803985 0.02803985 0.02803985 0.02803985
[17,] 0.00000000 0.00000000 0.00000000 0.00000000 0.00000000 0.00000000 0.00000000 0.00000000 0.00000000 0.00000000 0.00000000 0.00000000 0.00000000 0.00000000
           [,15]      [,16] [,17]
 [1,] 0.00000000 0.00000000     0
 [2,] 0.00000000 0.00000000     0
 [3,] 0.00000000 0.00000000     0
 [4,] 0.00000000 0.00000000     0
 [5,] 0.00000000 0.00000000     0
 [6,] 0.00000000 0.00000000     0
 [7,] 0.00000000 0.00000000     0
 [8,] 0.00000000 0.00000000     0
 [9,] 0.00000000 0.00000000     0
[10,] 0.00000000 0.00000000     0
[11,] 0.00000000 0.00000000     0
[12,] 0.00000000 0.00000000     0
[13,] 0.00000000 0.00000000     0
[14,] 0.00000000 0.00000000     0
[15,] 0.00000000 0.00000000     0
[16,] 0.02803985 0.00000000     0
[17,] 0.00000000 0.02803985     0


[[1]][[13]]
[[1]][[13]]$partition
[[1]][[13]]$partition$a
[1] "A._pisum"

[[1]][[13]]$partition$b
 [1] "C._quinquefasciatus" "D._melanogaster"     "B._mori"             "A._cepahlotes"       "A._echinatior"       "L._humile"           "C._floridanus"      
 [8] "P._barbatus"         "H._saltator"         "A._florea"           "A._mellifera"        "B._impatiens"        "B._terrestris"       "N._vitrepennis"     
[15] "S._invicta"          "T._castaneum"       


[[1]][[13]]$isolation_index
[1] 0.09240565

[[1]][[13]]$matrix
            [,1]       [,2]       [,3]       [,4]       [,5]       [,6]       [,7]       [,8]       [,9]      [,10]      [,11]      [,12]      [,13]      [,14]
 [1,] 0.00000000 0.00000000 0.00000000 0.00000000 0.00000000 0.00000000 0.00000000 0.00000000 0.00000000 0.00000000 0.00000000 0.00000000 0.00000000 0.00000000
 [2,] 0.00000000 0.00000000 0.00000000 0.00000000 0.00000000 0.00000000 0.00000000 0.00000000 0.00000000 0.00000000 0.00000000 0.00000000 0.00000000 0.00000000
 [3,] 0.00000000 0.00000000 0.00000000 0.00000000 0.00000000 0.00000000 0.00000000 0.00000000 0.00000000 0.00000000 0.00000000 0.00000000 0.00000000 0.00000000
 [4,] 0.00000000 0.00000000 0.00000000 0.00000000 0.00000000 0.00000000 0.00000000 0.00000000 0.00000000 0.00000000 0.00000000 0.00000000 0.00000000 0.00000000
 [5,] 0.00000000 0.00000000 0.00000000 0.00000000 0.00000000 0.00000000 0.00000000 0.00000000 0.00000000 0.00000000 0.00000000 0.00000000 0.00000000 0.00000000
 [6,] 0.00000000 0.00000000 0.00000000 0.00000000 0.00000000 0.00000000 0.00000000 0.00000000 0.00000000 0.00000000 0.00000000 0.00000000 0.00000000 0.00000000
 [7,] 0.00000000 0.00000000 0.00000000 0.00000000 0.00000000 0.00000000 0.00000000 0.00000000 0.00000000 0.00000000 0.00000000 0.00000000 0.00000000 0.00000000
 [8,] 0.00000000 0.00000000 0.00000000 0.00000000 0.00000000 0.00000000 0.00000000 0.00000000 0.00000000 0.00000000 0.00000000 0.00000000 0.00000000 0.00000000
 [9,] 0.00000000 0.00000000 0.00000000 0.00000000 0.00000000 0.00000000 0.00000000 0.00000000 0.00000000 0.00000000 0.00000000 0.00000000 0.00000000 0.00000000
[10,] 0.00000000 0.00000000 0.00000000 0.00000000 0.00000000 0.00000000 0.00000000 0.00000000 0.00000000 0.00000000 0.00000000 0.00000000 0.00000000 0.00000000
[11,] 0.00000000 0.00000000 0.00000000 0.00000000 0.00000000 0.00000000 0.00000000 0.00000000 0.00000000 0.00000000 0.00000000 0.00000000 0.00000000 0.00000000
[12,] 0.00000000 0.00000000 0.00000000 0.00000000 0.00000000 0.00000000 0.00000000 0.00000000 0.00000000 0.00000000 0.00000000 0.00000000 0.00000000 0.00000000
[13,] 0.00000000 0.00000000 0.00000000 0.00000000 0.00000000 0.00000000 0.00000000 0.00000000 0.00000000 0.00000000 0.00000000 0.00000000 0.00000000 0.00000000
[14,] 0.00000000 0.00000000 0.00000000 0.00000000 0.00000000 0.00000000 0.00000000 0.00000000 0.00000000 0.00000000 0.00000000 0.00000000 0.00000000 0.00000000
[15,] 0.00000000 0.00000000 0.00000000 0.00000000 0.00000000 0.00000000 0.00000000 0.00000000 0.00000000 0.00000000 0.00000000 0.00000000 0.00000000 0.00000000
[16,] 0.00000000 0.00000000 0.00000000 0.00000000 0.00000000 0.00000000 0.00000000 0.00000000 0.00000000 0.00000000 0.00000000 0.00000000 0.00000000 0.00000000
[17,] 0.09240565 0.09240565 0.09240565 0.09240565 0.09240565 0.09240565 0.09240565 0.09240565 0.09240565 0.09240565 0.09240565 0.09240565 0.09240565 0.09240565
           [,15]      [,16] [,17]
 [1,] 0.00000000 0.00000000     0
 [2,] 0.00000000 0.00000000     0
 [3,] 0.00000000 0.00000000     0
 [4,] 0.00000000 0.00000000     0
 [5,] 0.00000000 0.00000000     0
 [6,] 0.00000000 0.00000000     0
 [7,] 0.00000000 0.00000000     0
 [8,] 0.00000000 0.00000000     0
 [9,] 0.00000000 0.00000000     0
[10,] 0.00000000 0.00000000     0
[11,] 0.00000000 0.00000000     0
[12,] 0.00000000 0.00000000     0
[13,] 0.00000000 0.00000000     0
[14,] 0.00000000 0.00000000     0
[15,] 0.00000000 0.00000000     0
[16,] 0.00000000 0.00000000     0
[17,] 0.09240565 0.09240565     0


[[1]][[14]]
[[1]][[14]]$partition
[[1]][[14]]$partition$a
[1] "C._quinquefasciatus" "D._melanogaster"    

[[1]][[14]]$partition$b
 [1] "B._mori"        "A._cepahlotes"  "A._echinatior"  "L._humile"      "C._floridanus"  "P._barbatus"    "H._saltator"    "A._florea"      "A._mellifera"  
[10] "B._impatiens"   "B._terrestris"  "N._vitrepennis" "S._invicta"     "T._castaneum"   "A._pisum"      


[[1]][[14]]$isolation_index
[1] 0.0096721

[[1]][[14]]$matrix
           [,1]      [,2] [,3] [,4] [,5] [,6] [,7] [,8] [,9] [,10] [,11] [,12] [,13] [,14] [,15] [,16] [,17]
 [1,] 0.0000000 0.0000000    0    0    0    0    0    0    0     0     0     0     0     0     0     0     0
 [2,] 0.0000000 0.0000000    0    0    0    0    0    0    0     0     0     0     0     0     0     0     0
 [3,] 0.0096721 0.0096721    0    0    0    0    0    0    0     0     0     0     0     0     0     0     0
 [4,] 0.0096721 0.0096721    0    0    0    0    0    0    0     0     0     0     0     0     0     0     0
 [5,] 0.0096721 0.0096721    0    0    0    0    0    0    0     0     0     0     0     0     0     0     0
 [6,] 0.0096721 0.0096721    0    0    0    0    0    0    0     0     0     0     0     0     0     0     0
 [7,] 0.0096721 0.0096721    0    0    0    0    0    0    0     0     0     0     0     0     0     0     0
 [8,] 0.0096721 0.0096721    0    0    0    0    0    0    0     0     0     0     0     0     0     0     0
 [9,] 0.0096721 0.0096721    0    0    0    0    0    0    0     0     0     0     0     0     0     0     0
[10,] 0.0096721 0.0096721    0    0    0    0    0    0    0     0     0     0     0     0     0     0     0
[11,] 0.0096721 0.0096721    0    0    0    0    0    0    0     0     0     0     0     0     0     0     0
[12,] 0.0096721 0.0096721    0    0    0    0    0    0    0     0     0     0     0     0     0     0     0
[13,] 0.0096721 0.0096721    0    0    0    0    0    0    0     0     0     0     0     0     0     0     0
[14,] 0.0096721 0.0096721    0    0    0    0    0    0    0     0     0     0     0     0     0     0     0
[15,] 0.0096721 0.0096721    0    0    0    0    0    0    0     0     0     0     0     0     0     0     0
[16,] 0.0096721 0.0096721    0    0    0    0    0    0    0     0     0     0     0     0     0     0     0
[17,] 0.0096721 0.0096721    0    0    0    0    0    0    0     0     0     0     0     0     0     0     0


[[1]][[15]]
[[1]][[15]]$partition
[[1]][[15]]$partition$a
[1] "L._humile"     "C._floridanus"

[[1]][[15]]$partition$b
 [1] "C._quinquefasciatus" "D._melanogaster"     "B._mori"             "A._cepahlotes"       "A._echinatior"       "P._barbatus"         "H._saltator"        
 [8] "A._florea"           "A._mellifera"        "B._impatiens"        "B._terrestris"       "N._vitrepennis"      "S._invicta"          "T._castaneum"       
[15] "A._pisum"           


[[1]][[15]]$isolation_index
[1] 0.00038755

[[1]][[15]]$matrix
            [,1]       [,2]       [,3]       [,4]       [,5]       [,6]       [,7] [,8] [,9] [,10] [,11] [,12] [,13] [,14] [,15] [,16] [,17]
 [1,] 0.00000000 0.00000000 0.00000000 0.00000000 0.00000000 0.00000000 0.00000000    0    0     0     0     0     0     0     0     0     0
 [2,] 0.00000000 0.00000000 0.00000000 0.00000000 0.00000000 0.00000000 0.00000000    0    0     0     0     0     0     0     0     0     0
 [3,] 0.00000000 0.00000000 0.00000000 0.00000000 0.00000000 0.00000000 0.00000000    0    0     0     0     0     0     0     0     0     0
 [4,] 0.00000000 0.00000000 0.00000000 0.00000000 0.00000000 0.00000000 0.00000000    0    0     0     0     0     0     0     0     0     0
 [5,] 0.00000000 0.00000000 0.00000000 0.00000000 0.00000000 0.00000000 0.00000000    0    0     0     0     0     0     0     0     0     0
 [6,] 0.00038755 0.00038755 0.00038755 0.00038755 0.00038755 0.00000000 0.00000000    0    0     0     0     0     0     0     0     0     0
 [7,] 0.00038755 0.00038755 0.00038755 0.00038755 0.00038755 0.00000000 0.00000000    0    0     0     0     0     0     0     0     0     0
 [8,] 0.00000000 0.00000000 0.00000000 0.00000000 0.00000000 0.00038755 0.00038755    0    0     0     0     0     0     0     0     0     0
 [9,] 0.00000000 0.00000000 0.00000000 0.00000000 0.00000000 0.00038755 0.00038755    0    0     0     0     0     0     0     0     0     0
[10,] 0.00000000 0.00000000 0.00000000 0.00000000 0.00000000 0.00038755 0.00038755    0    0     0     0     0     0     0     0     0     0
[11,] 0.00000000 0.00000000 0.00000000 0.00000000 0.00000000 0.00038755 0.00038755    0    0     0     0     0     0     0     0     0     0
[12,] 0.00000000 0.00000000 0.00000000 0.00000000 0.00000000 0.00038755 0.00038755    0    0     0     0     0     0     0     0     0     0
[13,] 0.00000000 0.00000000 0.00000000 0.00000000 0.00000000 0.00038755 0.00038755    0    0     0     0     0     0     0     0     0     0
[14,] 0.00000000 0.00000000 0.00000000 0.00000000 0.00000000 0.00038755 0.00038755    0    0     0     0     0     0     0     0     0     0
[15,] 0.00000000 0.00000000 0.00000000 0.00000000 0.00000000 0.00038755 0.00038755    0    0     0     0     0     0     0     0     0     0
[16,] 0.00000000 0.00000000 0.00000000 0.00000000 0.00000000 0.00038755 0.00038755    0    0     0     0     0     0     0     0     0     0
[17,] 0.00000000 0.00000000 0.00000000 0.00000000 0.00000000 0.00038755 0.00038755    0    0     0     0     0     0     0     0     0     0


[[1]][[16]]
[[1]][[16]]$partition
[[1]][[16]]$partition$a
[1] "A._florea"    "A._mellifera"

[[1]][[16]]$partition$b
 [1] "C._quinquefasciatus" "D._melanogaster"     "B._mori"             "A._cepahlotes"       "A._echinatior"       "L._humile"           "C._floridanus"      
 [8] "P._barbatus"         "H._saltator"         "B._impatiens"        "B._terrestris"       "N._vitrepennis"      "S._invicta"          "T._castaneum"       
[15] "A._pisum"           


[[1]][[16]]$isolation_index
[1] 0.00779015

[[1]][[16]]$matrix
            [,1]       [,2]       [,3]       [,4]       [,5]       [,6]       [,7]       [,8]       [,9]      [,10]      [,11] [,12] [,13] [,14] [,15] [,16] [,17]
 [1,] 0.00000000 0.00000000 0.00000000 0.00000000 0.00000000 0.00000000 0.00000000 0.00000000 0.00000000 0.00000000 0.00000000     0     0     0     0     0     0
 [2,] 0.00000000 0.00000000 0.00000000 0.00000000 0.00000000 0.00000000 0.00000000 0.00000000 0.00000000 0.00000000 0.00000000     0     0     0     0     0     0
 [3,] 0.00000000 0.00000000 0.00000000 0.00000000 0.00000000 0.00000000 0.00000000 0.00000000 0.00000000 0.00000000 0.00000000     0     0     0     0     0     0
 [4,] 0.00000000 0.00000000 0.00000000 0.00000000 0.00000000 0.00000000 0.00000000 0.00000000 0.00000000 0.00000000 0.00000000     0     0     0     0     0     0
 [5,] 0.00000000 0.00000000 0.00000000 0.00000000 0.00000000 0.00000000 0.00000000 0.00000000 0.00000000 0.00000000 0.00000000     0     0     0     0     0     0
 [6,] 0.00000000 0.00000000 0.00000000 0.00000000 0.00000000 0.00000000 0.00000000 0.00000000 0.00000000 0.00000000 0.00000000     0     0     0     0     0     0
 [7,] 0.00000000 0.00000000 0.00000000 0.00000000 0.00000000 0.00000000 0.00000000 0.00000000 0.00000000 0.00000000 0.00000000     0     0     0     0     0     0
 [8,] 0.00000000 0.00000000 0.00000000 0.00000000 0.00000000 0.00000000 0.00000000 0.00000000 0.00000000 0.00000000 0.00000000     0     0     0     0     0     0
 [9,] 0.00000000 0.00000000 0.00000000 0.00000000 0.00000000 0.00000000 0.00000000 0.00000000 0.00000000 0.00000000 0.00000000     0     0     0     0     0     0
[10,] 0.00779015 0.00779015 0.00779015 0.00779015 0.00779015 0.00779015 0.00779015 0.00779015 0.00779015 0.00000000 0.00000000     0     0     0     0     0     0
[11,] 0.00779015 0.00779015 0.00779015 0.00779015 0.00779015 0.00779015 0.00779015 0.00779015 0.00779015 0.00000000 0.00000000     0     0     0     0     0     0
[12,] 0.00000000 0.00000000 0.00000000 0.00000000 0.00000000 0.00000000 0.00000000 0.00000000 0.00000000 0.00779015 0.00779015     0     0     0     0     0     0
[13,] 0.00000000 0.00000000 0.00000000 0.00000000 0.00000000 0.00000000 0.00000000 0.00000000 0.00000000 0.00779015 0.00779015     0     0     0     0     0     0
[14,] 0.00000000 0.00000000 0.00000000 0.00000000 0.00000000 0.00000000 0.00000000 0.00000000 0.00000000 0.00779015 0.00779015     0     0     0     0     0     0
[15,] 0.00000000 0.00000000 0.00000000 0.00000000 0.00000000 0.00000000 0.00000000 0.00000000 0.00000000 0.00779015 0.00779015     0     0     0     0     0     0
[16,] 0.00000000 0.00000000 0.00000000 0.00000000 0.00000000 0.00000000 0.00000000 0.00000000 0.00000000 0.00779015 0.00779015     0     0     0     0     0     0
[17,] 0.00000000 0.00000000 0.00000000 0.00000000 0.00000000 0.00000000 0.00000000 0.00000000 0.00000000 0.00779015 0.00779015     0     0     0     0     0     0


[[1]][[17]]
[[1]][[17]]$partition
[[1]][[17]]$partition$a
[1] "B._impatiens"  "B._terrestris"

[[1]][[17]]$partition$b
 [1] "C._quinquefasciatus" "D._melanogaster"     "B._mori"             "A._cepahlotes"       "A._echinatior"       "L._humile"           "C._floridanus"      
 [8] "P._barbatus"         "H._saltator"         "A._florea"           "A._mellifera"        "N._vitrepennis"      "S._invicta"          "T._castaneum"       
[15] "A._pisum"           


[[1]][[17]]$isolation_index
[1] 0.00684685

[[1]][[17]]$matrix
            [,1]       [,2]       [,3]       [,4]       [,5]       [,6]       [,7]       [,8]       [,9]      [,10]      [,11]      [,12]      [,13] [,14] [,15] [,16]
 [1,] 0.00000000 0.00000000 0.00000000 0.00000000 0.00000000 0.00000000 0.00000000 0.00000000 0.00000000 0.00000000 0.00000000 0.00000000 0.00000000     0     0     0
 [2,] 0.00000000 0.00000000 0.00000000 0.00000000 0.00000000 0.00000000 0.00000000 0.00000000 0.00000000 0.00000000 0.00000000 0.00000000 0.00000000     0     0     0
 [3,] 0.00000000 0.00000000 0.00000000 0.00000000 0.00000000 0.00000000 0.00000000 0.00000000 0.00000000 0.00000000 0.00000000 0.00000000 0.00000000     0     0     0
 [4,] 0.00000000 0.00000000 0.00000000 0.00000000 0.00000000 0.00000000 0.00000000 0.00000000 0.00000000 0.00000000 0.00000000 0.00000000 0.00000000     0     0     0
 [5,] 0.00000000 0.00000000 0.00000000 0.00000000 0.00000000 0.00000000 0.00000000 0.00000000 0.00000000 0.00000000 0.00000000 0.00000000 0.00000000     0     0     0
 [6,] 0.00000000 0.00000000 0.00000000 0.00000000 0.00000000 0.00000000 0.00000000 0.00000000 0.00000000 0.00000000 0.00000000 0.00000000 0.00000000     0     0     0
 [7,] 0.00000000 0.00000000 0.00000000 0.00000000 0.00000000 0.00000000 0.00000000 0.00000000 0.00000000 0.00000000 0.00000000 0.00000000 0.00000000     0     0     0
 [8,] 0.00000000 0.00000000 0.00000000 0.00000000 0.00000000 0.00000000 0.00000000 0.00000000 0.00000000 0.00000000 0.00000000 0.00000000 0.00000000     0     0     0
 [9,] 0.00000000 0.00000000 0.00000000 0.00000000 0.00000000 0.00000000 0.00000000 0.00000000 0.00000000 0.00000000 0.00000000 0.00000000 0.00000000     0     0     0
[10,] 0.00000000 0.00000000 0.00000000 0.00000000 0.00000000 0.00000000 0.00000000 0.00000000 0.00000000 0.00000000 0.00000000 0.00000000 0.00000000     0     0     0
[11,] 0.00000000 0.00000000 0.00000000 0.00000000 0.00000000 0.00000000 0.00000000 0.00000000 0.00000000 0.00000000 0.00000000 0.00000000 0.00000000     0     0     0
[12,] 0.00684685 0.00684685 0.00684685 0.00684685 0.00684685 0.00684685 0.00684685 0.00684685 0.00684685 0.00684685 0.00684685 0.00000000 0.00000000     0     0     0
[13,] 0.00684685 0.00684685 0.00684685 0.00684685 0.00684685 0.00684685 0.00684685 0.00684685 0.00684685 0.00684685 0.00684685 0.00000000 0.00000000     0     0     0
[14,] 0.00000000 0.00000000 0.00000000 0.00000000 0.00000000 0.00000000 0.00000000 0.00000000 0.00000000 0.00000000 0.00000000 0.00684685 0.00684685     0     0     0
[15,] 0.00000000 0.00000000 0.00000000 0.00000000 0.00000000 0.00000000 0.00000000 0.00000000 0.00000000 0.00000000 0.00000000 0.00684685 0.00684685     0     0     0
[16,] 0.00000000 0.00000000 0.00000000 0.00000000 0.00000000 0.00000000 0.00000000 0.00000000 0.00000000 0.00000000 0.00000000 0.00684685 0.00684685     0     0     0
[17,] 0.00000000 0.00000000 0.00000000 0.00000000 0.00000000 0.00000000 0.00000000 0.00000000 0.00000000 0.00000000 0.00000000 0.00684685 0.00684685     0     0     0
      [,17]
 [1,]     0
 [2,]     0
 [3,]     0
 [4,]     0
 [5,]     0
 [6,]     0
 [7,]     0
 [8,]     0
 [9,]     0
[10,]     0
[11,]     0
[12,]     0
[13,]     0
[14,]     0
[15,]     0
[16,]     0
[17,]     0


[[1]][[18]]
[[1]][[18]]$partition
[[1]][[18]]$partition$a
[1] "C._quinquefasciatus" "D._melanogaster"     "B._mori"            

[[1]][[18]]$partition$b
 [1] "A._cepahlotes"  "A._echinatior"  "L._humile"      "C._floridanus"  "P._barbatus"    "H._saltator"    "A._florea"      "A._mellifera"   "B._impatiens"  
[10] "B._terrestris"  "N._vitrepennis" "S._invicta"     "T._castaneum"   "A._pisum"      


[[1]][[18]]$isolation_index
[1] 0.0016114

[[1]][[18]]$matrix
           [,1]      [,2]      [,3] [,4] [,5] [,6] [,7] [,8] [,9] [,10] [,11] [,12] [,13] [,14] [,15] [,16] [,17]
 [1,] 0.0000000 0.0000000 0.0000000    0    0    0    0    0    0     0     0     0     0     0     0     0     0
 [2,] 0.0000000 0.0000000 0.0000000    0    0    0    0    0    0     0     0     0     0     0     0     0     0
 [3,] 0.0000000 0.0000000 0.0000000    0    0    0    0    0    0     0     0     0     0     0     0     0     0
 [4,] 0.0016114 0.0016114 0.0016114    0    0    0    0    0    0     0     0     0     0     0     0     0     0
 [5,] 0.0016114 0.0016114 0.0016114    0    0    0    0    0    0     0     0     0     0     0     0     0     0
 [6,] 0.0016114 0.0016114 0.0016114    0    0    0    0    0    0     0     0     0     0     0     0     0     0
 [7,] 0.0016114 0.0016114 0.0016114    0    0    0    0    0    0     0     0     0     0     0     0     0     0
 [8,] 0.0016114 0.0016114 0.0016114    0    0    0    0    0    0     0     0     0     0     0     0     0     0
 [9,] 0.0016114 0.0016114 0.0016114    0    0    0    0    0    0     0     0     0     0     0     0     0     0
[10,] 0.0016114 0.0016114 0.0016114    0    0    0    0    0    0     0     0     0     0     0     0     0     0
[11,] 0.0016114 0.0016114 0.0016114    0    0    0    0    0    0     0     0     0     0     0     0     0     0
[12,] 0.0016114 0.0016114 0.0016114    0    0    0    0    0    0     0     0     0     0     0     0     0     0
[13,] 0.0016114 0.0016114 0.0016114    0    0    0    0    0    0     0     0     0     0     0     0     0     0
[14,] 0.0016114 0.0016114 0.0016114    0    0    0    0    0    0     0     0     0     0     0     0     0     0
[15,] 0.0016114 0.0016114 0.0016114    0    0    0    0    0    0     0     0     0     0     0     0     0     0
[16,] 0.0016114 0.0016114 0.0016114    0    0    0    0    0    0     0     0     0     0     0     0     0     0
[17,] 0.0016114 0.0016114 0.0016114    0    0    0    0    0    0     0     0     0     0     0     0     0     0


[[1]][[19]]
[[1]][[19]]$partition
[[1]][[19]]$partition$a
[1] "C._quinquefasciatus" "D._melanogaster"     "T._castaneum"       

[[1]][[19]]$partition$b
 [1] "B._mori"        "A._cepahlotes"  "A._echinatior"  "L._humile"      "C._floridanus"  "P._barbatus"    "H._saltator"    "A._florea"      "A._mellifera"  
[10] "B._impatiens"   "B._terrestris"  "N._vitrepennis" "S._invicta"     "A._pisum"      


[[1]][[19]]$isolation_index
[1] 0.0030423

[[1]][[19]]$matrix
           [,1]      [,2]      [,3]      [,4]      [,5]      [,6]      [,7]      [,8]      [,9]     [,10]     [,11]     [,12]     [,13]     [,14]     [,15]     [,16]
 [1,] 0.0000000 0.0000000 0.0000000 0.0000000 0.0000000 0.0000000 0.0000000 0.0000000 0.0000000 0.0000000 0.0000000 0.0000000 0.0000000 0.0000000 0.0000000 0.0000000
 [2,] 0.0000000 0.0000000 0.0000000 0.0000000 0.0000000 0.0000000 0.0000000 0.0000000 0.0000000 0.0000000 0.0000000 0.0000000 0.0000000 0.0000000 0.0000000 0.0000000
 [3,] 0.0030423 0.0030423 0.0000000 0.0000000 0.0000000 0.0000000 0.0000000 0.0000000 0.0000000 0.0000000 0.0000000 0.0000000 0.0000000 0.0000000 0.0000000 0.0000000
 [4,] 0.0030423 0.0030423 0.0000000 0.0000000 0.0000000 0.0000000 0.0000000 0.0000000 0.0000000 0.0000000 0.0000000 0.0000000 0.0000000 0.0000000 0.0000000 0.0000000
 [5,] 0.0030423 0.0030423 0.0000000 0.0000000 0.0000000 0.0000000 0.0000000 0.0000000 0.0000000 0.0000000 0.0000000 0.0000000 0.0000000 0.0000000 0.0000000 0.0000000
 [6,] 0.0030423 0.0030423 0.0000000 0.0000000 0.0000000 0.0000000 0.0000000 0.0000000 0.0000000 0.0000000 0.0000000 0.0000000 0.0000000 0.0000000 0.0000000 0.0000000
 [7,] 0.0030423 0.0030423 0.0000000 0.0000000 0.0000000 0.0000000 0.0000000 0.0000000 0.0000000 0.0000000 0.0000000 0.0000000 0.0000000 0.0000000 0.0000000 0.0000000
 [8,] 0.0030423 0.0030423 0.0000000 0.0000000 0.0000000 0.0000000 0.0000000 0.0000000 0.0000000 0.0000000 0.0000000 0.0000000 0.0000000 0.0000000 0.0000000 0.0000000
 [9,] 0.0030423 0.0030423 0.0000000 0.0000000 0.0000000 0.0000000 0.0000000 0.0000000 0.0000000 0.0000000 0.0000000 0.0000000 0.0000000 0.0000000 0.0000000 0.0000000
[10,] 0.0030423 0.0030423 0.0000000 0.0000000 0.0000000 0.0000000 0.0000000 0.0000000 0.0000000 0.0000000 0.0000000 0.0000000 0.0000000 0.0000000 0.0000000 0.0000000
[11,] 0.0030423 0.0030423 0.0000000 0.0000000 0.0000000 0.0000000 0.0000000 0.0000000 0.0000000 0.0000000 0.0000000 0.0000000 0.0000000 0.0000000 0.0000000 0.0000000
[12,] 0.0030423 0.0030423 0.0000000 0.0000000 0.0000000 0.0000000 0.0000000 0.0000000 0.0000000 0.0000000 0.0000000 0.0000000 0.0000000 0.0000000 0.0000000 0.0000000
[13,] 0.0030423 0.0030423 0.0000000 0.0000000 0.0000000 0.0000000 0.0000000 0.0000000 0.0000000 0.0000000 0.0000000 0.0000000 0.0000000 0.0000000 0.0000000 0.0000000
[14,] 0.0030423 0.0030423 0.0000000 0.0000000 0.0000000 0.0000000 0.0000000 0.0000000 0.0000000 0.0000000 0.0000000 0.0000000 0.0000000 0.0000000 0.0000000 0.0000000
[15,] 0.0030423 0.0030423 0.0000000 0.0000000 0.0000000 0.0000000 0.0000000 0.0000000 0.0000000 0.0000000 0.0000000 0.0000000 0.0000000 0.0000000 0.0000000 0.0000000
[16,] 0.0000000 0.0000000 0.0030423 0.0030423 0.0030423 0.0030423 0.0030423 0.0030423 0.0030423 0.0030423 0.0030423 0.0030423 0.0030423 0.0030423 0.0030423 0.0000000
[17,] 0.0030423 0.0030423 0.0000000 0.0000000 0.0000000 0.0000000 0.0000000 0.0000000 0.0000000 0.0000000 0.0000000 0.0000000 0.0000000 0.0000000 0.0000000 0.0030423
      [,17]
 [1,]     0
 [2,]     0
 [3,]     0
 [4,]     0
 [5,]     0
 [6,]     0
 [7,]     0
 [8,]     0
 [9,]     0
[10,]     0
[11,]     0
[12,]     0
[13,]     0
[14,]     0
[15,]     0
[16,]     0
[17,]     0


[[1]][[20]]
[[1]][[20]]$partition
[[1]][[20]]$partition$a
[1] "A._florea"     "A._mellifera"  "B._impatiens"  "B._terrestris"

[[1]][[20]]$partition$b
 [1] "C._quinquefasciatus" "D._melanogaster"     "B._mori"             "A._cepahlotes"       "A._echinatior"       "L._humile"           "C._floridanus"      
 [8] "P._barbatus"         "H._saltator"         "N._vitrepennis"      "S._invicta"          "T._castaneum"        "A._pisum"           


[[1]][[20]]$isolation_index
[1] 0.00489565

[[1]][[20]]$matrix
            [,1]       [,2]       [,3]       [,4]       [,5]       [,6]       [,7]       [,8]       [,9]      [,10]      [,11]      [,12]      [,13] [,14] [,15] [,16]
 [1,] 0.00000000 0.00000000 0.00000000 0.00000000 0.00000000 0.00000000 0.00000000 0.00000000 0.00000000 0.00000000 0.00000000 0.00000000 0.00000000     0     0     0
 [2,] 0.00000000 0.00000000 0.00000000 0.00000000 0.00000000 0.00000000 0.00000000 0.00000000 0.00000000 0.00000000 0.00000000 0.00000000 0.00000000     0     0     0
 [3,] 0.00000000 0.00000000 0.00000000 0.00000000 0.00000000 0.00000000 0.00000000 0.00000000 0.00000000 0.00000000 0.00000000 0.00000000 0.00000000     0     0     0
 [4,] 0.00000000 0.00000000 0.00000000 0.00000000 0.00000000 0.00000000 0.00000000 0.00000000 0.00000000 0.00000000 0.00000000 0.00000000 0.00000000     0     0     0
 [5,] 0.00000000 0.00000000 0.00000000 0.00000000 0.00000000 0.00000000 0.00000000 0.00000000 0.00000000 0.00000000 0.00000000 0.00000000 0.00000000     0     0     0
 [6,] 0.00000000 0.00000000 0.00000000 0.00000000 0.00000000 0.00000000 0.00000000 0.00000000 0.00000000 0.00000000 0.00000000 0.00000000 0.00000000     0     0     0
 [7,] 0.00000000 0.00000000 0.00000000 0.00000000 0.00000000 0.00000000 0.00000000 0.00000000 0.00000000 0.00000000 0.00000000 0.00000000 0.00000000     0     0     0
 [8,] 0.00000000 0.00000000 0.00000000 0.00000000 0.00000000 0.00000000 0.00000000 0.00000000 0.00000000 0.00000000 0.00000000 0.00000000 0.00000000     0     0     0
 [9,] 0.00000000 0.00000000 0.00000000 0.00000000 0.00000000 0.00000000 0.00000000 0.00000000 0.00000000 0.00000000 0.00000000 0.00000000 0.00000000     0     0     0
[10,] 0.00489565 0.00489565 0.00489565 0.00489565 0.00489565 0.00489565 0.00489565 0.00489565 0.00489565 0.00000000 0.00000000 0.00000000 0.00000000     0     0     0
[11,] 0.00489565 0.00489565 0.00489565 0.00489565 0.00489565 0.00489565 0.00489565 0.00489565 0.00489565 0.00000000 0.00000000 0.00000000 0.00000000     0     0     0
[12,] 0.00489565 0.00489565 0.00489565 0.00489565 0.00489565 0.00489565 0.00489565 0.00489565 0.00489565 0.00000000 0.00000000 0.00000000 0.00000000     0     0     0
[13,] 0.00489565 0.00489565 0.00489565 0.00489565 0.00489565 0.00489565 0.00489565 0.00489565 0.00489565 0.00000000 0.00000000 0.00000000 0.00000000     0     0     0
[14,] 0.00000000 0.00000000 0.00000000 0.00000000 0.00000000 0.00000000 0.00000000 0.00000000 0.00000000 0.00489565 0.00489565 0.00489565 0.00489565     0     0     0
[15,] 0.00000000 0.00000000 0.00000000 0.00000000 0.00000000 0.00000000 0.00000000 0.00000000 0.00000000 0.00489565 0.00489565 0.00489565 0.00489565     0     0     0
[16,] 0.00000000 0.00000000 0.00000000 0.00000000 0.00000000 0.00000000 0.00000000 0.00000000 0.00000000 0.00489565 0.00489565 0.00489565 0.00489565     0     0     0
[17,] 0.00000000 0.00000000 0.00000000 0.00000000 0.00000000 0.00000000 0.00000000 0.00000000 0.00000000 0.00489565 0.00489565 0.00489565 0.00489565     0     0     0
      [,17]
 [1,]     0
 [2,]     0
 [3,]     0
 [4,]     0
 [5,]     0
 [6,]     0
 [7,]     0
 [8,]     0
 [9,]     0
[10,]     0
[11,]     0
[12,]     0
[13,]     0
[14,]     0
[15,]     0
[16,]     0
[17,]     0


[[1]][[21]]
[[1]][[21]]$partition
[[1]][[21]]$partition$a
[1] "C._quinquefasciatus" "D._melanogaster"     "B._mori"             "T._castaneum"        "A._pisum"           

[[1]][[21]]$partition$b
 [1] "A._cepahlotes"  "A._echinatior"  "L._humile"      "C._floridanus"  "P._barbatus"    "H._saltator"    "A._florea"      "A._mellifera"   "B._impatiens"  
[10] "B._terrestris"  "N._vitrepennis" "S._invicta"    


[[1]][[21]]$isolation_index
[1] 0.0038887

[[1]][[21]]$matrix
           [,1]      [,2]      [,3]      [,4]      [,5]      [,6]      [,7]      [,8]      [,9]     [,10]     [,11]     [,12]     [,13]     [,14]     [,15] [,16] [,17]
 [1,] 0.0000000 0.0000000 0.0000000 0.0000000 0.0000000 0.0000000 0.0000000 0.0000000 0.0000000 0.0000000 0.0000000 0.0000000 0.0000000 0.0000000 0.0000000     0     0
 [2,] 0.0000000 0.0000000 0.0000000 0.0000000 0.0000000 0.0000000 0.0000000 0.0000000 0.0000000 0.0000000 0.0000000 0.0000000 0.0000000 0.0000000 0.0000000     0     0
 [3,] 0.0000000 0.0000000 0.0000000 0.0000000 0.0000000 0.0000000 0.0000000 0.0000000 0.0000000 0.0000000 0.0000000 0.0000000 0.0000000 0.0000000 0.0000000     0     0
 [4,] 0.0038887 0.0038887 0.0038887 0.0000000 0.0000000 0.0000000 0.0000000 0.0000000 0.0000000 0.0000000 0.0000000 0.0000000 0.0000000 0.0000000 0.0000000     0     0
 [5,] 0.0038887 0.0038887 0.0038887 0.0000000 0.0000000 0.0000000 0.0000000 0.0000000 0.0000000 0.0000000 0.0000000 0.0000000 0.0000000 0.0000000 0.0000000     0     0
 [6,] 0.0038887 0.0038887 0.0038887 0.0000000 0.0000000 0.0000000 0.0000000 0.0000000 0.0000000 0.0000000 0.0000000 0.0000000 0.0000000 0.0000000 0.0000000     0     0
 [7,] 0.0038887 0.0038887 0.0038887 0.0000000 0.0000000 0.0000000 0.0000000 0.0000000 0.0000000 0.0000000 0.0000000 0.0000000 0.0000000 0.0000000 0.0000000     0     0
 [8,] 0.0038887 0.0038887 0.0038887 0.0000000 0.0000000 0.0000000 0.0000000 0.0000000 0.0000000 0.0000000 0.0000000 0.0000000 0.0000000 0.0000000 0.0000000     0     0
 [9,] 0.0038887 0.0038887 0.0038887 0.0000000 0.0000000 0.0000000 0.0000000 0.0000000 0.0000000 0.0000000 0.0000000 0.0000000 0.0000000 0.0000000 0.0000000     0     0
[10,] 0.0038887 0.0038887 0.0038887 0.0000000 0.0000000 0.0000000 0.0000000 0.0000000 0.0000000 0.0000000 0.0000000 0.0000000 0.0000000 0.0000000 0.0000000     0     0
[11,] 0.0038887 0.0038887 0.0038887 0.0000000 0.0000000 0.0000000 0.0000000 0.0000000 0.0000000 0.0000000 0.0000000 0.0000000 0.0000000 0.0000000 0.0000000     0     0
[12,] 0.0038887 0.0038887 0.0038887 0.0000000 0.0000000 0.0000000 0.0000000 0.0000000 0.0000000 0.0000000 0.0000000 0.0000000 0.0000000 0.0000000 0.0000000     0     0
[13,] 0.0038887 0.0038887 0.0038887 0.0000000 0.0000000 0.0000000 0.0000000 0.0000000 0.0000000 0.0000000 0.0000000 0.0000000 0.0000000 0.0000000 0.0000000     0     0
[14,] 0.0038887 0.0038887 0.0038887 0.0000000 0.0000000 0.0000000 0.0000000 0.0000000 0.0000000 0.0000000 0.0000000 0.0000000 0.0000000 0.0000000 0.0000000     0     0
[15,] 0.0038887 0.0038887 0.0038887 0.0000000 0.0000000 0.0000000 0.0000000 0.0000000 0.0000000 0.0000000 0.0000000 0.0000000 0.0000000 0.0000000 0.0000000     0     0
[16,] 0.0000000 0.0000000 0.0000000 0.0038887 0.0038887 0.0038887 0.0038887 0.0038887 0.0038887 0.0038887 0.0038887 0.0038887 0.0038887 0.0038887 0.0038887     0     0
[17,] 0.0000000 0.0000000 0.0000000 0.0038887 0.0038887 0.0038887 0.0038887 0.0038887 0.0038887 0.0038887 0.0038887 0.0038887 0.0038887 0.0038887 0.0038887     0     0



[[2]]
            [,1]       [,2]       [,3]       [,4]       [,5]       [,6]       [,7]       [,8]       [,9]      [,10]      [,11]      [,12]      [,13]      [,14]
 [1,] 0.00000000 0.00000000 0.00000000 0.00000000 0.00000000 0.00000000 0.00000000 0.00000000 0.00000000 0.00000000 0.00000000 0.00000000 0.00000000 0.00000000
 [2,] 0.06729775 0.00000000 0.00000000 0.00000000 0.00000000 0.00000000 0.00000000 0.00000000 0.00000000 0.00000000 0.00000000 0.00000000 0.00000000 0.00000000
 [3,] 0.08123925 0.10330450 0.00000000 0.00000000 0.00000000 0.00000000 0.00000000 0.00000000 0.00000000 0.00000000 0.00000000 0.00000000 0.00000000 0.00000000
 [4,] 0.04083075 0.06289600 0.05140870 0.00000000 0.00000000 0.00000000 0.00000000 0.00000000 0.00000000 0.00000000 0.00000000 0.00000000 0.00000000 0.00000000
 [5,] 0.04083075 0.06289600 0.05140870 0.00000000 0.00000000 0.00000000 0.00000000 0.00000000 0.00000000 0.00000000 0.00000000 0.00000000 0.00000000 0.00000000
 [6,] 0.04643340 0.06849865 0.05701135 0.00560265 0.00560265 0.00000000 0.00000000 0.00000000 0.00000000 0.00000000 0.00000000 0.00000000 0.00000000 0.00000000
 [7,] 0.04503860 0.06710385 0.05561655 0.00420785 0.00420785 0.00903540 0.00000000 0.00000000 0.00000000 0.00000000 0.00000000 0.00000000 0.00000000 0.00000000
 [8,] 0.04910405 0.07116930 0.05968200 0.00827330 0.00827330 0.01387595 0.01248115 0.00000000 0.00000000 0.00000000 0.00000000 0.00000000 0.00000000 0.00000000
 [9,] 0.05137680 0.07344205 0.06195475 0.01054605 0.01054605 0.01614870 0.01475390 0.01881935 0.00000000 0.00000000 0.00000000 0.00000000 0.00000000 0.00000000
[10,] 0.05366320 0.07572845 0.06424115 0.01283245 0.01283245 0.01843510 0.01704030 0.02110575 0.02337850 0.00000000 0.00000000 0.00000000 0.00000000 0.00000000
[11,] 0.05351655 0.07558180 0.06409450 0.01268580 0.01268580 0.01828845 0.01689365 0.02095910 0.02323185 0.00014665 0.00000000 0.00000000 0.00000000 0.00000000
[12,] 0.05355655 0.07562180 0.06413450 0.01272580 0.01272580 0.01832845 0.01693365 0.02099910 0.02327185 0.01576695 0.01562030 0.00000000 0.00000000 0.00000000
[13,] 0.05257325 0.07463850 0.06315120 0.01174250 0.01174250 0.01734515 0.01595035 0.02001580 0.02228855 0.01478365 0.01463700 0.00098330 0.00000000 0.00000000
[14,] 0.06009155 0.08215680 0.07066950 0.01926080 0.01926080 0.02486345 0.02346865 0.02753410 0.02980685 0.03209325 0.03194660 0.03198660 0.03100330 0.00000000
[15,] 0.09509660 0.11716185 0.10567455 0.05426585 0.05426585 0.05986850 0.05847370 0.06253915 0.06481190 0.06709830 0.06695165 0.06699165 0.06600835 0.07352665
[16,] 0.06193960 0.08400485 0.07860215 0.03497085 0.03497085 0.04057350 0.03917870 0.04324415 0.04551690 0.04780330 0.04765665 0.04769665 0.04671335 0.05423165
[17,] 0.12934770 0.15141295 0.13992565 0.09629435 0.09629435 0.10189700 0.10050220 0.10456765 0.10684040 0.10912680 0.10898015 0.10902015 0.10803685 0.11555515
          [,15]     [,16] [,17]
 [1,] 0.0000000 0.0000000     0
 [2,] 0.0000000 0.0000000     0
 [3,] 0.0000000 0.0000000     0
 [4,] 0.0000000 0.0000000     0
 [5,] 0.0000000 0.0000000     0
 [6,] 0.0000000 0.0000000     0
 [7,] 0.0000000 0.0000000     0
 [8,] 0.0000000 0.0000000     0
 [9,] 0.0000000 0.0000000     0
[10,] 0.0000000 0.0000000     0
[11,] 0.0000000 0.0000000     0
[12,] 0.0000000 0.0000000     0
[13,] 0.0000000 0.0000000     0
[14,] 0.0000000 0.0000000     0
[15,] 0.0000000 0.0000000     0
[16,] 0.0892367 0.0000000     0
[17,] 0.1505602 0.1234878     0

