[[1]]
[[1]][[1]]
[[1]][[1]]$partition
[[1]][[1]]$partition$a
[1] "A._pisum"

[[1]][[1]]$partition$b
 [1] "D._melanogaster"     "T._castaneum"        "B._mori"             "C._quinquefasciatus" "N._vitrepennis"      "B._terrestris"       "B._impatiens"       
 [8] "A._mellifera"        "A._florea"           "H._saltator"         "C._floridanus"       "L._humile"           "P._barbatus"         "S._invicta"         
[15] "A._echinatior"       "A._cephalotes"      


[[1]][[1]]$isolation_index
[1] 0.02663855

[[1]][[1]]$matrix
            [,1] [,2] [,3] [,4] [,5] [,6] [,7] [,8] [,9] [,10] [,11] [,12] [,13] [,14] [,15] [,16] [,17]
 [1,] 0.00000000    0    0    0    0    0    0    0    0     0     0     0     0     0     0     0     0
 [2,] 0.02663855    0    0    0    0    0    0    0    0     0     0     0     0     0     0     0     0
 [3,] 0.02663855    0    0    0    0    0    0    0    0     0     0     0     0     0     0     0     0
 [4,] 0.02663855    0    0    0    0    0    0    0    0     0     0     0     0     0     0     0     0
 [5,] 0.02663855    0    0    0    0    0    0    0    0     0     0     0     0     0     0     0     0
 [6,] 0.02663855    0    0    0    0    0    0    0    0     0     0     0     0     0     0     0     0
 [7,] 0.02663855    0    0    0    0    0    0    0    0     0     0     0     0     0     0     0     0
 [8,] 0.02663855    0    0    0    0    0    0    0    0     0     0     0     0     0     0     0     0
 [9,] 0.02663855    0    0    0    0    0    0    0    0     0     0     0     0     0     0     0     0
[10,] 0.02663855    0    0    0    0    0    0    0    0     0     0     0     0     0     0     0     0
[11,] 0.02663855    0    0    0    0    0    0    0    0     0     0     0     0     0     0     0     0
[12,] 0.02663855    0    0    0    0    0    0    0    0     0     0     0     0     0     0     0     0
[13,] 0.02663855    0    0    0    0    0    0    0    0     0     0     0     0     0     0     0     0
[14,] 0.02663855    0    0    0    0    0    0    0    0     0     0     0     0     0     0     0     0
[15,] 0.02663855    0    0    0    0    0    0    0    0     0     0     0     0     0     0     0     0
[16,] 0.02663855    0    0    0    0    0    0    0    0     0     0     0     0     0     0     0     0
[17,] 0.02663855    0    0    0    0    0    0    0    0     0     0     0     0     0     0     0     0


[[1]][[2]]
[[1]][[2]]$partition
[[1]][[2]]$partition$a
[1] "D._melanogaster"

[[1]][[2]]$partition$b
 [1] "A._pisum"            "T._castaneum"        "B._mori"             "C._quinquefasciatus" "N._vitrepennis"      "B._terrestris"       "B._impatiens"       
 [8] "A._mellifera"        "A._florea"           "H._saltator"         "C._floridanus"       "L._humile"           "P._barbatus"         "S._invicta"         
[15] "A._echinatior"       "A._cephalotes"      


[[1]][[2]]$isolation_index
[1] 0.01743835

[[1]][[2]]$matrix
            [,1]       [,2] [,3] [,4] [,5] [,6] [,7] [,8] [,9] [,10] [,11] [,12] [,13] [,14] [,15] [,16] [,17]
 [1,] 0.00000000 0.00000000    0    0    0    0    0    0    0     0     0     0     0     0     0     0     0
 [2,] 0.01743835 0.00000000    0    0    0    0    0    0    0     0     0     0     0     0     0     0     0
 [3,] 0.00000000 0.01743835    0    0    0    0    0    0    0     0     0     0     0     0     0     0     0
 [4,] 0.00000000 0.01743835    0    0    0    0    0    0    0     0     0     0     0     0     0     0     0
 [5,] 0.00000000 0.01743835    0    0    0    0    0    0    0     0     0     0     0     0     0     0     0
 [6,] 0.00000000 0.01743835    0    0    0    0    0    0    0     0     0     0     0     0     0     0     0
 [7,] 0.00000000 0.01743835    0    0    0    0    0    0    0     0     0     0     0     0     0     0     0
 [8,] 0.00000000 0.01743835    0    0    0    0    0    0    0     0     0     0     0     0     0     0     0
 [9,] 0.00000000 0.01743835    0    0    0    0    0    0    0     0     0     0     0     0     0     0     0
[10,] 0.00000000 0.01743835    0    0    0    0    0    0    0     0     0     0     0     0     0     0     0
[11,] 0.00000000 0.01743835    0    0    0    0    0    0    0     0     0     0     0     0     0     0     0
[12,] 0.00000000 0.01743835    0    0    0    0    0    0    0     0     0     0     0     0     0     0     0
[13,] 0.00000000 0.01743835    0    0    0    0    0    0    0     0     0     0     0     0     0     0     0
[14,] 0.00000000 0.01743835    0    0    0    0    0    0    0     0     0     0     0     0     0     0     0
[15,] 0.00000000 0.01743835    0    0    0    0    0    0    0     0     0     0     0     0     0     0     0
[16,] 0.00000000 0.01743835    0    0    0    0    0    0    0     0     0     0     0     0     0     0     0
[17,] 0.00000000 0.01743835    0    0    0    0    0    0    0     0     0     0     0     0     0     0     0


[[1]][[3]]
[[1]][[3]]$partition
[[1]][[3]]$partition$a
[1] "T._castaneum"

[[1]][[3]]$partition$b
 [1] "A._pisum"            "D._melanogaster"     "B._mori"             "C._quinquefasciatus" "N._vitrepennis"      "B._terrestris"       "B._impatiens"       
 [8] "A._mellifera"        "A._florea"           "H._saltator"         "C._floridanus"       "L._humile"           "P._barbatus"         "S._invicta"         
[15] "A._echinatior"       "A._cephalotes"      


[[1]][[3]]$isolation_index
[1] 0.0082216

[[1]][[3]]$matrix
           [,1]      [,2]      [,3] [,4] [,5] [,6] [,7] [,8] [,9] [,10] [,11] [,12] [,13] [,14] [,15] [,16] [,17]
 [1,] 0.0000000 0.0000000 0.0000000    0    0    0    0    0    0     0     0     0     0     0     0     0     0
 [2,] 0.0000000 0.0000000 0.0000000    0    0    0    0    0    0     0     0     0     0     0     0     0     0
 [3,] 0.0082216 0.0082216 0.0000000    0    0    0    0    0    0     0     0     0     0     0     0     0     0
 [4,] 0.0000000 0.0000000 0.0082216    0    0    0    0    0    0     0     0     0     0     0     0     0     0
 [5,] 0.0000000 0.0000000 0.0082216    0    0    0    0    0    0     0     0     0     0     0     0     0     0
 [6,] 0.0000000 0.0000000 0.0082216    0    0    0    0    0    0     0     0     0     0     0     0     0     0
 [7,] 0.0000000 0.0000000 0.0082216    0    0    0    0    0    0     0     0     0     0     0     0     0     0
 [8,] 0.0000000 0.0000000 0.0082216    0    0    0    0    0    0     0     0     0     0     0     0     0     0
 [9,] 0.0000000 0.0000000 0.0082216    0    0    0    0    0    0     0     0     0     0     0     0     0     0
[10,] 0.0000000 0.0000000 0.0082216    0    0    0    0    0    0     0     0     0     0     0     0     0     0
[11,] 0.0000000 0.0000000 0.0082216    0    0    0    0    0    0     0     0     0     0     0     0     0     0
[12,] 0.0000000 0.0000000 0.0082216    0    0    0    0    0    0     0     0     0     0     0     0     0     0
[13,] 0.0000000 0.0000000 0.0082216    0    0    0    0    0    0     0     0     0     0     0     0     0     0
[14,] 0.0000000 0.0000000 0.0082216    0    0    0    0    0    0     0     0     0     0     0     0     0     0
[15,] 0.0000000 0.0000000 0.0082216    0    0    0    0    0    0     0     0     0     0     0     0     0     0
[16,] 0.0000000 0.0000000 0.0082216    0    0    0    0    0    0     0     0     0     0     0     0     0     0
[17,] 0.0000000 0.0000000 0.0082216    0    0    0    0    0    0     0     0     0     0     0     0     0     0


[[1]][[4]]
[[1]][[4]]$partition
[[1]][[4]]$partition$a
[1] "B._mori"

[[1]][[4]]$partition$b
 [1] "A._pisum"            "D._melanogaster"     "T._castaneum"        "C._quinquefasciatus" "N._vitrepennis"      "B._terrestris"       "B._impatiens"       
 [8] "A._mellifera"        "A._florea"           "H._saltator"         "C._floridanus"       "L._humile"           "P._barbatus"         "S._invicta"         
[15] "A._echinatior"       "A._cephalotes"      


[[1]][[4]]$isolation_index
[1] 0.0129235

[[1]][[4]]$matrix
           [,1]      [,2]      [,3]      [,4] [,5] [,6] [,7] [,8] [,9] [,10] [,11] [,12] [,13] [,14] [,15] [,16] [,17]
 [1,] 0.0000000 0.0000000 0.0000000 0.0000000    0    0    0    0    0     0     0     0     0     0     0     0     0
 [2,] 0.0000000 0.0000000 0.0000000 0.0000000    0    0    0    0    0     0     0     0     0     0     0     0     0
 [3,] 0.0000000 0.0000000 0.0000000 0.0000000    0    0    0    0    0     0     0     0     0     0     0     0     0
 [4,] 0.0129235 0.0129235 0.0129235 0.0000000    0    0    0    0    0     0     0     0     0     0     0     0     0
 [5,] 0.0000000 0.0000000 0.0000000 0.0129235    0    0    0    0    0     0     0     0     0     0     0     0     0
 [6,] 0.0000000 0.0000000 0.0000000 0.0129235    0    0    0    0    0     0     0     0     0     0     0     0     0
 [7,] 0.0000000 0.0000000 0.0000000 0.0129235    0    0    0    0    0     0     0     0     0     0     0     0     0
 [8,] 0.0000000 0.0000000 0.0000000 0.0129235    0    0    0    0    0     0     0     0     0     0     0     0     0
 [9,] 0.0000000 0.0000000 0.0000000 0.0129235    0    0    0    0    0     0     0     0     0     0     0     0     0
[10,] 0.0000000 0.0000000 0.0000000 0.0129235    0    0    0    0    0     0     0     0     0     0     0     0     0
[11,] 0.0000000 0.0000000 0.0000000 0.0129235    0    0    0    0    0     0     0     0     0     0     0     0     0
[12,] 0.0000000 0.0000000 0.0000000 0.0129235    0    0    0    0    0     0     0     0     0     0     0     0     0
[13,] 0.0000000 0.0000000 0.0000000 0.0129235    0    0    0    0    0     0     0     0     0     0     0     0     0
[14,] 0.0000000 0.0000000 0.0000000 0.0129235    0    0    0    0    0     0     0     0     0     0     0     0     0
[15,] 0.0000000 0.0000000 0.0000000 0.0129235    0    0    0    0    0     0     0     0     0     0     0     0     0
[16,] 0.0000000 0.0000000 0.0000000 0.0129235    0    0    0    0    0     0     0     0     0     0     0     0     0
[17,] 0.0000000 0.0000000 0.0000000 0.0129235    0    0    0    0    0     0     0     0     0     0     0     0     0


[[1]][[5]]
[[1]][[5]]$partition
[[1]][[5]]$partition$a
[1] "C._quinquefasciatus"

[[1]][[5]]$partition$b
 [1] "A._pisum"        "D._melanogaster" "T._castaneum"    "B._mori"         "N._vitrepennis"  "B._terrestris"   "B._impatiens"    "A._mellifera"    "A._florea"      
[10] "H._saltator"     "C._floridanus"   "L._humile"       "P._barbatus"     "S._invicta"      "A._echinatior"   "A._cephalotes"  


[[1]][[5]]$isolation_index
[1] 0.0147195

[[1]][[5]]$matrix
           [,1]      [,2]      [,3]      [,4]      [,5] [,6] [,7] [,8] [,9] [,10] [,11] [,12] [,13] [,14] [,15] [,16] [,17]
 [1,] 0.0000000 0.0000000 0.0000000 0.0000000 0.0000000    0    0    0    0     0     0     0     0     0     0     0     0
 [2,] 0.0000000 0.0000000 0.0000000 0.0000000 0.0000000    0    0    0    0     0     0     0     0     0     0     0     0
 [3,] 0.0000000 0.0000000 0.0000000 0.0000000 0.0000000    0    0    0    0     0     0     0     0     0     0     0     0
 [4,] 0.0000000 0.0000000 0.0000000 0.0000000 0.0000000    0    0    0    0     0     0     0     0     0     0     0     0
 [5,] 0.0147195 0.0147195 0.0147195 0.0147195 0.0000000    0    0    0    0     0     0     0     0     0     0     0     0
 [6,] 0.0000000 0.0000000 0.0000000 0.0000000 0.0147195    0    0    0    0     0     0     0     0     0     0     0     0
 [7,] 0.0000000 0.0000000 0.0000000 0.0000000 0.0147195    0    0    0    0     0     0     0     0     0     0     0     0
 [8,] 0.0000000 0.0000000 0.0000000 0.0000000 0.0147195    0    0    0    0     0     0     0     0     0     0     0     0
 [9,] 0.0000000 0.0000000 0.0000000 0.0000000 0.0147195    0    0    0    0     0     0     0     0     0     0     0     0
[10,] 0.0000000 0.0000000 0.0000000 0.0000000 0.0147195    0    0    0    0     0     0     0     0     0     0     0     0
[11,] 0.0000000 0.0000000 0.0000000 0.0000000 0.0147195    0    0    0    0     0     0     0     0     0     0     0     0
[12,] 0.0000000 0.0000000 0.0000000 0.0000000 0.0147195    0    0    0    0     0     0     0     0     0     0     0     0
[13,] 0.0000000 0.0000000 0.0000000 0.0000000 0.0147195    0    0    0    0     0     0     0     0     0     0     0     0
[14,] 0.0000000 0.0000000 0.0000000 0.0000000 0.0147195    0    0    0    0     0     0     0     0     0     0     0     0
[15,] 0.0000000 0.0000000 0.0000000 0.0000000 0.0147195    0    0    0    0     0     0     0     0     0     0     0     0
[16,] 0.0000000 0.0000000 0.0000000 0.0000000 0.0147195    0    0    0    0     0     0     0     0     0     0     0     0
[17,] 0.0000000 0.0000000 0.0000000 0.0000000 0.0147195    0    0    0    0     0     0     0     0     0     0     0     0


[[1]][[6]]
[[1]][[6]]$partition
[[1]][[6]]$partition$a
[1] "N._vitrepennis"

[[1]][[6]]$partition$b
 [1] "A._pisum"            "D._melanogaster"     "T._castaneum"        "B._mori"             "C._quinquefasciatus" "B._terrestris"       "B._impatiens"       
 [8] "A._mellifera"        "A._florea"           "H._saltator"         "C._floridanus"       "L._humile"           "P._barbatus"         "S._invicta"         
[15] "A._echinatior"       "A._cephalotes"      


[[1]][[6]]$isolation_index
[1] 0.005609

[[1]][[6]]$matrix
          [,1]     [,2]     [,3]     [,4]     [,5]     [,6] [,7] [,8] [,9] [,10] [,11] [,12] [,13] [,14] [,15] [,16] [,17]
 [1,] 0.000000 0.000000 0.000000 0.000000 0.000000 0.000000    0    0    0     0     0     0     0     0     0     0     0
 [2,] 0.000000 0.000000 0.000000 0.000000 0.000000 0.000000    0    0    0     0     0     0     0     0     0     0     0
 [3,] 0.000000 0.000000 0.000000 0.000000 0.000000 0.000000    0    0    0     0     0     0     0     0     0     0     0
 [4,] 0.000000 0.000000 0.000000 0.000000 0.000000 0.000000    0    0    0     0     0     0     0     0     0     0     0
 [5,] 0.000000 0.000000 0.000000 0.000000 0.000000 0.000000    0    0    0     0     0     0     0     0     0     0     0
 [6,] 0.005609 0.005609 0.005609 0.005609 0.005609 0.000000    0    0    0     0     0     0     0     0     0     0     0
 [7,] 0.000000 0.000000 0.000000 0.000000 0.000000 0.005609    0    0    0     0     0     0     0     0     0     0     0
 [8,] 0.000000 0.000000 0.000000 0.000000 0.000000 0.005609    0    0    0     0     0     0     0     0     0     0     0
 [9,] 0.000000 0.000000 0.000000 0.000000 0.000000 0.005609    0    0    0     0     0     0     0     0     0     0     0
[10,] 0.000000 0.000000 0.000000 0.000000 0.000000 0.005609    0    0    0     0     0     0     0     0     0     0     0
[11,] 0.000000 0.000000 0.000000 0.000000 0.000000 0.005609    0    0    0     0     0     0     0     0     0     0     0
[12,] 0.000000 0.000000 0.000000 0.000000 0.000000 0.005609    0    0    0     0     0     0     0     0     0     0     0
[13,] 0.000000 0.000000 0.000000 0.000000 0.000000 0.005609    0    0    0     0     0     0     0     0     0     0     0
[14,] 0.000000 0.000000 0.000000 0.000000 0.000000 0.005609    0    0    0     0     0     0     0     0     0     0     0
[15,] 0.000000 0.000000 0.000000 0.000000 0.000000 0.005609    0    0    0     0     0     0     0     0     0     0     0
[16,] 0.000000 0.000000 0.000000 0.000000 0.000000 0.005609    0    0    0     0     0     0     0     0     0     0     0
[17,] 0.000000 0.000000 0.000000 0.000000 0.000000 0.005609    0    0    0     0     0     0     0     0     0     0     0


[[1]][[7]]
[[1]][[7]]$partition
[[1]][[7]]$partition$a
[1] "B._terrestris"

[[1]][[7]]$partition$b
 [1] "A._pisum"            "D._melanogaster"     "T._castaneum"        "B._mori"             "C._quinquefasciatus" "N._vitrepennis"      "B._impatiens"       
 [8] "A._mellifera"        "A._florea"           "H._saltator"         "C._floridanus"       "L._humile"           "P._barbatus"         "S._invicta"         
[15] "A._echinatior"       "A._cephalotes"      


[[1]][[7]]$isolation_index
[1] 0.0006646

[[1]][[7]]$matrix
           [,1]      [,2]      [,3]      [,4]      [,5]      [,6]      [,7] [,8] [,9] [,10] [,11] [,12] [,13] [,14] [,15] [,16] [,17]
 [1,] 0.0000000 0.0000000 0.0000000 0.0000000 0.0000000 0.0000000 0.0000000    0    0     0     0     0     0     0     0     0     0
 [2,] 0.0000000 0.0000000 0.0000000 0.0000000 0.0000000 0.0000000 0.0000000    0    0     0     0     0     0     0     0     0     0
 [3,] 0.0000000 0.0000000 0.0000000 0.0000000 0.0000000 0.0000000 0.0000000    0    0     0     0     0     0     0     0     0     0
 [4,] 0.0000000 0.0000000 0.0000000 0.0000000 0.0000000 0.0000000 0.0000000    0    0     0     0     0     0     0     0     0     0
 [5,] 0.0000000 0.0000000 0.0000000 0.0000000 0.0000000 0.0000000 0.0000000    0    0     0     0     0     0     0     0     0     0
 [6,] 0.0000000 0.0000000 0.0000000 0.0000000 0.0000000 0.0000000 0.0000000    0    0     0     0     0     0     0     0     0     0
 [7,] 0.0006646 0.0006646 0.0006646 0.0006646 0.0006646 0.0006646 0.0000000    0    0     0     0     0     0     0     0     0     0
 [8,] 0.0000000 0.0000000 0.0000000 0.0000000 0.0000000 0.0000000 0.0006646    0    0     0     0     0     0     0     0     0     0
 [9,] 0.0000000 0.0000000 0.0000000 0.0000000 0.0000000 0.0000000 0.0006646    0    0     0     0     0     0     0     0     0     0
[10,] 0.0000000 0.0000000 0.0000000 0.0000000 0.0000000 0.0000000 0.0006646    0    0     0     0     0     0     0     0     0     0
[11,] 0.0000000 0.0000000 0.0000000 0.0000000 0.0000000 0.0000000 0.0006646    0    0     0     0     0     0     0     0     0     0
[12,] 0.0000000 0.0000000 0.0000000 0.0000000 0.0000000 0.0000000 0.0006646    0    0     0     0     0     0     0     0     0     0
[13,] 0.0000000 0.0000000 0.0000000 0.0000000 0.0000000 0.0000000 0.0006646    0    0     0     0     0     0     0     0     0     0
[14,] 0.0000000 0.0000000 0.0000000 0.0000000 0.0000000 0.0000000 0.0006646    0    0     0     0     0     0     0     0     0     0
[15,] 0.0000000 0.0000000 0.0000000 0.0000000 0.0000000 0.0000000 0.0006646    0    0     0     0     0     0     0     0     0     0
[16,] 0.0000000 0.0000000 0.0000000 0.0000000 0.0000000 0.0000000 0.0006646    0    0     0     0     0     0     0     0     0     0
[17,] 0.0000000 0.0000000 0.0000000 0.0000000 0.0000000 0.0000000 0.0006646    0    0     0     0     0     0     0     0     0     0


[[1]][[8]]
[[1]][[8]]$partition
[[1]][[8]]$partition$a
[1] "B._impatiens"

[[1]][[8]]$partition$b
 [1] "A._pisum"            "D._melanogaster"     "T._castaneum"        "B._mori"             "C._quinquefasciatus" "N._vitrepennis"      "B._terrestris"      
 [8] "A._mellifera"        "A._florea"           "H._saltator"         "C._floridanus"       "L._humile"           "P._barbatus"         "S._invicta"         
[15] "A._echinatior"       "A._cephalotes"      


[[1]][[8]]$isolation_index
[1] 0.0020981

[[1]][[8]]$matrix
           [,1]      [,2]      [,3]      [,4]      [,5]      [,6]      [,7]      [,8] [,9] [,10] [,11] [,12] [,13] [,14] [,15] [,16] [,17]
 [1,] 0.0000000 0.0000000 0.0000000 0.0000000 0.0000000 0.0000000 0.0000000 0.0000000    0     0     0     0     0     0     0     0     0
 [2,] 0.0000000 0.0000000 0.0000000 0.0000000 0.0000000 0.0000000 0.0000000 0.0000000    0     0     0     0     0     0     0     0     0
 [3,] 0.0000000 0.0000000 0.0000000 0.0000000 0.0000000 0.0000000 0.0000000 0.0000000    0     0     0     0     0     0     0     0     0
 [4,] 0.0000000 0.0000000 0.0000000 0.0000000 0.0000000 0.0000000 0.0000000 0.0000000    0     0     0     0     0     0     0     0     0
 [5,] 0.0000000 0.0000000 0.0000000 0.0000000 0.0000000 0.0000000 0.0000000 0.0000000    0     0     0     0     0     0     0     0     0
 [6,] 0.0000000 0.0000000 0.0000000 0.0000000 0.0000000 0.0000000 0.0000000 0.0000000    0     0     0     0     0     0     0     0     0
 [7,] 0.0000000 0.0000000 0.0000000 0.0000000 0.0000000 0.0000000 0.0000000 0.0000000    0     0     0     0     0     0     0     0     0
 [8,] 0.0020981 0.0020981 0.0020981 0.0020981 0.0020981 0.0020981 0.0020981 0.0000000    0     0     0     0     0     0     0     0     0
 [9,] 0.0000000 0.0000000 0.0000000 0.0000000 0.0000000 0.0000000 0.0000000 0.0020981    0     0     0     0     0     0     0     0     0
[10,] 0.0000000 0.0000000 0.0000000 0.0000000 0.0000000 0.0000000 0.0000000 0.0020981    0     0     0     0     0     0     0     0     0
[11,] 0.0000000 0.0000000 0.0000000 0.0000000 0.0000000 0.0000000 0.0000000 0.0020981    0     0     0     0     0     0     0     0     0
[12,] 0.0000000 0.0000000 0.0000000 0.0000000 0.0000000 0.0000000 0.0000000 0.0020981    0     0     0     0     0     0     0     0     0
[13,] 0.0000000 0.0000000 0.0000000 0.0000000 0.0000000 0.0000000 0.0000000 0.0020981    0     0     0     0     0     0     0     0     0
[14,] 0.0000000 0.0000000 0.0000000 0.0000000 0.0000000 0.0000000 0.0000000 0.0020981    0     0     0     0     0     0     0     0     0
[15,] 0.0000000 0.0000000 0.0000000 0.0000000 0.0000000 0.0000000 0.0000000 0.0020981    0     0     0     0     0     0     0     0     0
[16,] 0.0000000 0.0000000 0.0000000 0.0000000 0.0000000 0.0000000 0.0000000 0.0020981    0     0     0     0     0     0     0     0     0
[17,] 0.0000000 0.0000000 0.0000000 0.0000000 0.0000000 0.0000000 0.0000000 0.0020981    0     0     0     0     0     0     0     0     0


[[1]][[9]]
[[1]][[9]]$partition
[[1]][[9]]$partition$a
[1] "A._mellifera"

[[1]][[9]]$partition$b
 [1] "A._pisum"            "D._melanogaster"     "T._castaneum"        "B._mori"             "C._quinquefasciatus" "N._vitrepennis"      "B._terrestris"      
 [8] "B._impatiens"        "A._florea"           "H._saltator"         "C._floridanus"       "L._humile"           "P._barbatus"         "S._invicta"         
[15] "A._echinatior"       "A._cephalotes"      


[[1]][[9]]$isolation_index
[1] 0.00045045

[[1]][[9]]$matrix
            [,1]       [,2]       [,3]       [,4]       [,5]       [,6]       [,7]       [,8]       [,9] [,10] [,11] [,12] [,13] [,14] [,15] [,16] [,17]
 [1,] 0.00000000 0.00000000 0.00000000 0.00000000 0.00000000 0.00000000 0.00000000 0.00000000 0.00000000     0     0     0     0     0     0     0     0
 [2,] 0.00000000 0.00000000 0.00000000 0.00000000 0.00000000 0.00000000 0.00000000 0.00000000 0.00000000     0     0     0     0     0     0     0     0
 [3,] 0.00000000 0.00000000 0.00000000 0.00000000 0.00000000 0.00000000 0.00000000 0.00000000 0.00000000     0     0     0     0     0     0     0     0
 [4,] 0.00000000 0.00000000 0.00000000 0.00000000 0.00000000 0.00000000 0.00000000 0.00000000 0.00000000     0     0     0     0     0     0     0     0
 [5,] 0.00000000 0.00000000 0.00000000 0.00000000 0.00000000 0.00000000 0.00000000 0.00000000 0.00000000     0     0     0     0     0     0     0     0
 [6,] 0.00000000 0.00000000 0.00000000 0.00000000 0.00000000 0.00000000 0.00000000 0.00000000 0.00000000     0     0     0     0     0     0     0     0
 [7,] 0.00000000 0.00000000 0.00000000 0.00000000 0.00000000 0.00000000 0.00000000 0.00000000 0.00000000     0     0     0     0     0     0     0     0
 [8,] 0.00000000 0.00000000 0.00000000 0.00000000 0.00000000 0.00000000 0.00000000 0.00000000 0.00000000     0     0     0     0     0     0     0     0
 [9,] 0.00045045 0.00045045 0.00045045 0.00045045 0.00045045 0.00045045 0.00045045 0.00045045 0.00000000     0     0     0     0     0     0     0     0
[10,] 0.00000000 0.00000000 0.00000000 0.00000000 0.00000000 0.00000000 0.00000000 0.00000000 0.00045045     0     0     0     0     0     0     0     0
[11,] 0.00000000 0.00000000 0.00000000 0.00000000 0.00000000 0.00000000 0.00000000 0.00000000 0.00045045     0     0     0     0     0     0     0     0
[12,] 0.00000000 0.00000000 0.00000000 0.00000000 0.00000000 0.00000000 0.00000000 0.00000000 0.00045045     0     0     0     0     0     0     0     0
[13,] 0.00000000 0.00000000 0.00000000 0.00000000 0.00000000 0.00000000 0.00000000 0.00000000 0.00045045     0     0     0     0     0     0     0     0
[14,] 0.00000000 0.00000000 0.00000000 0.00000000 0.00000000 0.00000000 0.00000000 0.00000000 0.00045045     0     0     0     0     0     0     0     0
[15,] 0.00000000 0.00000000 0.00000000 0.00000000 0.00000000 0.00000000 0.00000000 0.00000000 0.00045045     0     0     0     0     0     0     0     0
[16,] 0.00000000 0.00000000 0.00000000 0.00000000 0.00000000 0.00000000 0.00000000 0.00000000 0.00045045     0     0     0     0     0     0     0     0
[17,] 0.00000000 0.00000000 0.00000000 0.00000000 0.00000000 0.00000000 0.00000000 0.00000000 0.00045045     0     0     0     0     0     0     0     0


[[1]][[10]]
[[1]][[10]]$partition
[[1]][[10]]$partition$a
[1] "A._florea"

[[1]][[10]]$partition$b
 [1] "A._pisum"            "D._melanogaster"     "T._castaneum"        "B._mori"             "C._quinquefasciatus" "N._vitrepennis"      "B._terrestris"      
 [8] "B._impatiens"        "A._mellifera"        "H._saltator"         "C._floridanus"       "L._humile"           "P._barbatus"         "S._invicta"         
[15] "A._echinatior"       "A._cephalotes"      


[[1]][[10]]$isolation_index
[1] 0.0029339

[[1]][[10]]$matrix
           [,1]      [,2]      [,3]      [,4]      [,5]      [,6]      [,7]      [,8]      [,9]     [,10] [,11] [,12] [,13] [,14] [,15] [,16] [,17]
 [1,] 0.0000000 0.0000000 0.0000000 0.0000000 0.0000000 0.0000000 0.0000000 0.0000000 0.0000000 0.0000000     0     0     0     0     0     0     0
 [2,] 0.0000000 0.0000000 0.0000000 0.0000000 0.0000000 0.0000000 0.0000000 0.0000000 0.0000000 0.0000000     0     0     0     0     0     0     0
 [3,] 0.0000000 0.0000000 0.0000000 0.0000000 0.0000000 0.0000000 0.0000000 0.0000000 0.0000000 0.0000000     0     0     0     0     0     0     0
 [4,] 0.0000000 0.0000000 0.0000000 0.0000000 0.0000000 0.0000000 0.0000000 0.0000000 0.0000000 0.0000000     0     0     0     0     0     0     0
 [5,] 0.0000000 0.0000000 0.0000000 0.0000000 0.0000000 0.0000000 0.0000000 0.0000000 0.0000000 0.0000000     0     0     0     0     0     0     0
 [6,] 0.0000000 0.0000000 0.0000000 0.0000000 0.0000000 0.0000000 0.0000000 0.0000000 0.0000000 0.0000000     0     0     0     0     0     0     0
 [7,] 0.0000000 0.0000000 0.0000000 0.0000000 0.0000000 0.0000000 0.0000000 0.0000000 0.0000000 0.0000000     0     0     0     0     0     0     0
 [8,] 0.0000000 0.0000000 0.0000000 0.0000000 0.0000000 0.0000000 0.0000000 0.0000000 0.0000000 0.0000000     0     0     0     0     0     0     0
 [9,] 0.0000000 0.0000000 0.0000000 0.0000000 0.0000000 0.0000000 0.0000000 0.0000000 0.0000000 0.0000000     0     0     0     0     0     0     0
[10,] 0.0029339 0.0029339 0.0029339 0.0029339 0.0029339 0.0029339 0.0029339 0.0029339 0.0029339 0.0000000     0     0     0     0     0     0     0
[11,] 0.0000000 0.0000000 0.0000000 0.0000000 0.0000000 0.0000000 0.0000000 0.0000000 0.0000000 0.0029339     0     0     0     0     0     0     0
[12,] 0.0000000 0.0000000 0.0000000 0.0000000 0.0000000 0.0000000 0.0000000 0.0000000 0.0000000 0.0029339     0     0     0     0     0     0     0
[13,] 0.0000000 0.0000000 0.0000000 0.0000000 0.0000000 0.0000000 0.0000000 0.0000000 0.0000000 0.0029339     0     0     0     0     0     0     0
[14,] 0.0000000 0.0000000 0.0000000 0.0000000 0.0000000 0.0000000 0.0000000 0.0000000 0.0000000 0.0029339     0     0     0     0     0     0     0
[15,] 0.0000000 0.0000000 0.0000000 0.0000000 0.0000000 0.0000000 0.0000000 0.0000000 0.0000000 0.0029339     0     0     0     0     0     0     0
[16,] 0.0000000 0.0000000 0.0000000 0.0000000 0.0000000 0.0000000 0.0000000 0.0000000 0.0000000 0.0029339     0     0     0     0     0     0     0
[17,] 0.0000000 0.0000000 0.0000000 0.0000000 0.0000000 0.0000000 0.0000000 0.0000000 0.0000000 0.0029339     0     0     0     0     0     0     0


[[1]][[11]]
[[1]][[11]]$partition
[[1]][[11]]$partition$a
[1] "H._saltator"

[[1]][[11]]$partition$b
 [1] "A._pisum"            "D._melanogaster"     "T._castaneum"        "B._mori"             "C._quinquefasciatus" "N._vitrepennis"      "B._terrestris"      
 [8] "B._impatiens"        "A._mellifera"        "A._florea"           "C._floridanus"       "L._humile"           "P._barbatus"         "S._invicta"         
[15] "A._echinatior"       "A._cephalotes"      


[[1]][[11]]$isolation_index
[1] 0.0027691

[[1]][[11]]$matrix
           [,1]      [,2]      [,3]      [,4]      [,5]      [,6]      [,7]      [,8]      [,9]     [,10]     [,11] [,12] [,13] [,14] [,15] [,16] [,17]
 [1,] 0.0000000 0.0000000 0.0000000 0.0000000 0.0000000 0.0000000 0.0000000 0.0000000 0.0000000 0.0000000 0.0000000     0     0     0     0     0     0
 [2,] 0.0000000 0.0000000 0.0000000 0.0000000 0.0000000 0.0000000 0.0000000 0.0000000 0.0000000 0.0000000 0.0000000     0     0     0     0     0     0
 [3,] 0.0000000 0.0000000 0.0000000 0.0000000 0.0000000 0.0000000 0.0000000 0.0000000 0.0000000 0.0000000 0.0000000     0     0     0     0     0     0
 [4,] 0.0000000 0.0000000 0.0000000 0.0000000 0.0000000 0.0000000 0.0000000 0.0000000 0.0000000 0.0000000 0.0000000     0     0     0     0     0     0
 [5,] 0.0000000 0.0000000 0.0000000 0.0000000 0.0000000 0.0000000 0.0000000 0.0000000 0.0000000 0.0000000 0.0000000     0     0     0     0     0     0
 [6,] 0.0000000 0.0000000 0.0000000 0.0000000 0.0000000 0.0000000 0.0000000 0.0000000 0.0000000 0.0000000 0.0000000     0     0     0     0     0     0
 [7,] 0.0000000 0.0000000 0.0000000 0.0000000 0.0000000 0.0000000 0.0000000 0.0000000 0.0000000 0.0000000 0.0000000     0     0     0     0     0     0
 [8,] 0.0000000 0.0000000 0.0000000 0.0000000 0.0000000 0.0000000 0.0000000 0.0000000 0.0000000 0.0000000 0.0000000     0     0     0     0     0     0
 [9,] 0.0000000 0.0000000 0.0000000 0.0000000 0.0000000 0.0000000 0.0000000 0.0000000 0.0000000 0.0000000 0.0000000     0     0     0     0     0     0
[10,] 0.0000000 0.0000000 0.0000000 0.0000000 0.0000000 0.0000000 0.0000000 0.0000000 0.0000000 0.0000000 0.0000000     0     0     0     0     0     0
[11,] 0.0027691 0.0027691 0.0027691 0.0027691 0.0027691 0.0027691 0.0027691 0.0027691 0.0027691 0.0027691 0.0000000     0     0     0     0     0     0
[12,] 0.0000000 0.0000000 0.0000000 0.0000000 0.0000000 0.0000000 0.0000000 0.0000000 0.0000000 0.0000000 0.0027691     0     0     0     0     0     0
[13,] 0.0000000 0.0000000 0.0000000 0.0000000 0.0000000 0.0000000 0.0000000 0.0000000 0.0000000 0.0000000 0.0027691     0     0     0     0     0     0
[14,] 0.0000000 0.0000000 0.0000000 0.0000000 0.0000000 0.0000000 0.0000000 0.0000000 0.0000000 0.0000000 0.0027691     0     0     0     0     0     0
[15,] 0.0000000 0.0000000 0.0000000 0.0000000 0.0000000 0.0000000 0.0000000 0.0000000 0.0000000 0.0000000 0.0027691     0     0     0     0     0     0
[16,] 0.0000000 0.0000000 0.0000000 0.0000000 0.0000000 0.0000000 0.0000000 0.0000000 0.0000000 0.0000000 0.0027691     0     0     0     0     0     0
[17,] 0.0000000 0.0000000 0.0000000 0.0000000 0.0000000 0.0000000 0.0000000 0.0000000 0.0000000 0.0000000 0.0027691     0     0     0     0     0     0


[[1]][[12]]
[[1]][[12]]$partition
[[1]][[12]]$partition$a
[1] "C._floridanus"

[[1]][[12]]$partition$b
 [1] "A._pisum"            "D._melanogaster"     "T._castaneum"        "B._mori"             "C._quinquefasciatus" "N._vitrepennis"      "B._terrestris"      
 [8] "B._impatiens"        "A._mellifera"        "A._florea"           "H._saltator"         "L._humile"           "P._barbatus"         "S._invicta"         
[15] "A._echinatior"       "A._cephalotes"      


[[1]][[12]]$isolation_index
[1] 0.00198125

[[1]][[12]]$matrix
            [,1]       [,2]       [,3]       [,4]       [,5]       [,6]       [,7]       [,8]       [,9]      [,10]      [,11]      [,12] [,13] [,14] [,15] [,16] [,17]
 [1,] 0.00000000 0.00000000 0.00000000 0.00000000 0.00000000 0.00000000 0.00000000 0.00000000 0.00000000 0.00000000 0.00000000 0.00000000     0     0     0     0     0
 [2,] 0.00000000 0.00000000 0.00000000 0.00000000 0.00000000 0.00000000 0.00000000 0.00000000 0.00000000 0.00000000 0.00000000 0.00000000     0     0     0     0     0
 [3,] 0.00000000 0.00000000 0.00000000 0.00000000 0.00000000 0.00000000 0.00000000 0.00000000 0.00000000 0.00000000 0.00000000 0.00000000     0     0     0     0     0
 [4,] 0.00000000 0.00000000 0.00000000 0.00000000 0.00000000 0.00000000 0.00000000 0.00000000 0.00000000 0.00000000 0.00000000 0.00000000     0     0     0     0     0
 [5,] 0.00000000 0.00000000 0.00000000 0.00000000 0.00000000 0.00000000 0.00000000 0.00000000 0.00000000 0.00000000 0.00000000 0.00000000     0     0     0     0     0
 [6,] 0.00000000 0.00000000 0.00000000 0.00000000 0.00000000 0.00000000 0.00000000 0.00000000 0.00000000 0.00000000 0.00000000 0.00000000     0     0     0     0     0
 [7,] 0.00000000 0.00000000 0.00000000 0.00000000 0.00000000 0.00000000 0.00000000 0.00000000 0.00000000 0.00000000 0.00000000 0.00000000     0     0     0     0     0
 [8,] 0.00000000 0.00000000 0.00000000 0.00000000 0.00000000 0.00000000 0.00000000 0.00000000 0.00000000 0.00000000 0.00000000 0.00000000     0     0     0     0     0
 [9,] 0.00000000 0.00000000 0.00000000 0.00000000 0.00000000 0.00000000 0.00000000 0.00000000 0.00000000 0.00000000 0.00000000 0.00000000     0     0     0     0     0
[10,] 0.00000000 0.00000000 0.00000000 0.00000000 0.00000000 0.00000000 0.00000000 0.00000000 0.00000000 0.00000000 0.00000000 0.00000000     0     0     0     0     0
[11,] 0.00000000 0.00000000 0.00000000 0.00000000 0.00000000 0.00000000 0.00000000 0.00000000 0.00000000 0.00000000 0.00000000 0.00000000     0     0     0     0     0
[12,] 0.00198125 0.00198125 0.00198125 0.00198125 0.00198125 0.00198125 0.00198125 0.00198125 0.00198125 0.00198125 0.00198125 0.00000000     0     0     0     0     0
[13,] 0.00000000 0.00000000 0.00000000 0.00000000 0.00000000 0.00000000 0.00000000 0.00000000 0.00000000 0.00000000 0.00000000 0.00198125     0     0     0     0     0
[14,] 0.00000000 0.00000000 0.00000000 0.00000000 0.00000000 0.00000000 0.00000000 0.00000000 0.00000000 0.00000000 0.00000000 0.00198125     0     0     0     0     0
[15,] 0.00000000 0.00000000 0.00000000 0.00000000 0.00000000 0.00000000 0.00000000 0.00000000 0.00000000 0.00000000 0.00000000 0.00198125     0     0     0     0     0
[16,] 0.00000000 0.00000000 0.00000000 0.00000000 0.00000000 0.00000000 0.00000000 0.00000000 0.00000000 0.00000000 0.00000000 0.00198125     0     0     0     0     0
[17,] 0.00000000 0.00000000 0.00000000 0.00000000 0.00000000 0.00000000 0.00000000 0.00000000 0.00000000 0.00000000 0.00000000 0.00198125     0     0     0     0     0


[[1]][[13]]
[[1]][[13]]$partition
[[1]][[13]]$partition$a
[1] "L._humile"

[[1]][[13]]$partition$b
 [1] "A._pisum"            "D._melanogaster"     "T._castaneum"        "B._mori"             "C._quinquefasciatus" "N._vitrepennis"      "B._terrestris"      
 [8] "B._impatiens"        "A._mellifera"        "A._florea"           "H._saltator"         "C._floridanus"       "P._barbatus"         "S._invicta"         
[15] "A._echinatior"       "A._cephalotes"      


[[1]][[13]]$isolation_index
[1] 0.00068985

[[1]][[13]]$matrix
            [,1]       [,2]       [,3]       [,4]       [,5]       [,6]       [,7]       [,8]       [,9]      [,10]      [,11]      [,12]      [,13] [,14] [,15] [,16]
 [1,] 0.00000000 0.00000000 0.00000000 0.00000000 0.00000000 0.00000000 0.00000000 0.00000000 0.00000000 0.00000000 0.00000000 0.00000000 0.00000000     0     0     0
 [2,] 0.00000000 0.00000000 0.00000000 0.00000000 0.00000000 0.00000000 0.00000000 0.00000000 0.00000000 0.00000000 0.00000000 0.00000000 0.00000000     0     0     0
 [3,] 0.00000000 0.00000000 0.00000000 0.00000000 0.00000000 0.00000000 0.00000000 0.00000000 0.00000000 0.00000000 0.00000000 0.00000000 0.00000000     0     0     0
 [4,] 0.00000000 0.00000000 0.00000000 0.00000000 0.00000000 0.00000000 0.00000000 0.00000000 0.00000000 0.00000000 0.00000000 0.00000000 0.00000000     0     0     0
 [5,] 0.00000000 0.00000000 0.00000000 0.00000000 0.00000000 0.00000000 0.00000000 0.00000000 0.00000000 0.00000000 0.00000000 0.00000000 0.00000000     0     0     0
 [6,] 0.00000000 0.00000000 0.00000000 0.00000000 0.00000000 0.00000000 0.00000000 0.00000000 0.00000000 0.00000000 0.00000000 0.00000000 0.00000000     0     0     0
 [7,] 0.00000000 0.00000000 0.00000000 0.00000000 0.00000000 0.00000000 0.00000000 0.00000000 0.00000000 0.00000000 0.00000000 0.00000000 0.00000000     0     0     0
 [8,] 0.00000000 0.00000000 0.00000000 0.00000000 0.00000000 0.00000000 0.00000000 0.00000000 0.00000000 0.00000000 0.00000000 0.00000000 0.00000000     0     0     0
 [9,] 0.00000000 0.00000000 0.00000000 0.00000000 0.00000000 0.00000000 0.00000000 0.00000000 0.00000000 0.00000000 0.00000000 0.00000000 0.00000000     0     0     0
[10,] 0.00000000 0.00000000 0.00000000 0.00000000 0.00000000 0.00000000 0.00000000 0.00000000 0.00000000 0.00000000 0.00000000 0.00000000 0.00000000     0     0     0
[11,] 0.00000000 0.00000000 0.00000000 0.00000000 0.00000000 0.00000000 0.00000000 0.00000000 0.00000000 0.00000000 0.00000000 0.00000000 0.00000000     0     0     0
[12,] 0.00000000 0.00000000 0.00000000 0.00000000 0.00000000 0.00000000 0.00000000 0.00000000 0.00000000 0.00000000 0.00000000 0.00000000 0.00000000     0     0     0
[13,] 0.00068985 0.00068985 0.00068985 0.00068985 0.00068985 0.00068985 0.00068985 0.00068985 0.00068985 0.00068985 0.00068985 0.00068985 0.00000000     0     0     0
[14,] 0.00000000 0.00000000 0.00000000 0.00000000 0.00000000 0.00000000 0.00000000 0.00000000 0.00000000 0.00000000 0.00000000 0.00000000 0.00068985     0     0     0
[15,] 0.00000000 0.00000000 0.00000000 0.00000000 0.00000000 0.00000000 0.00000000 0.00000000 0.00000000 0.00000000 0.00000000 0.00000000 0.00068985     0     0     0
[16,] 0.00000000 0.00000000 0.00000000 0.00000000 0.00000000 0.00000000 0.00000000 0.00000000 0.00000000 0.00000000 0.00000000 0.00000000 0.00068985     0     0     0
[17,] 0.00000000 0.00000000 0.00000000 0.00000000 0.00000000 0.00000000 0.00000000 0.00000000 0.00000000 0.00000000 0.00000000 0.00000000 0.00068985     0     0     0
      [,17]
 [1,]     0
 [2,]     0
 [3,]     0
 [4,]     0
 [5,]     0
 [6,]     0
 [7,]     0
 [8,]     0
 [9,]     0
[10,]     0
[11,]     0
[12,]     0
[13,]     0
[14,]     0
[15,]     0
[16,]     0
[17,]     0


[[1]][[14]]
[[1]][[14]]$partition
[[1]][[14]]$partition$a
[1] "P._barbatus"

[[1]][[14]]$partition$b
 [1] "A._pisum"            "D._melanogaster"     "T._castaneum"        "B._mori"             "C._quinquefasciatus" "N._vitrepennis"      "B._terrestris"      
 [8] "B._impatiens"        "A._mellifera"        "A._florea"           "H._saltator"         "C._floridanus"       "L._humile"           "S._invicta"         
[15] "A._echinatior"       "A._cephalotes"      


[[1]][[14]]$isolation_index
[1] 0.00093605

[[1]][[14]]$matrix
            [,1]       [,2]       [,3]       [,4]       [,5]       [,6]       [,7]       [,8]       [,9]      [,10]      [,11]      [,12]      [,13]      [,14] [,15]
 [1,] 0.00000000 0.00000000 0.00000000 0.00000000 0.00000000 0.00000000 0.00000000 0.00000000 0.00000000 0.00000000 0.00000000 0.00000000 0.00000000 0.00000000     0
 [2,] 0.00000000 0.00000000 0.00000000 0.00000000 0.00000000 0.00000000 0.00000000 0.00000000 0.00000000 0.00000000 0.00000000 0.00000000 0.00000000 0.00000000     0
 [3,] 0.00000000 0.00000000 0.00000000 0.00000000 0.00000000 0.00000000 0.00000000 0.00000000 0.00000000 0.00000000 0.00000000 0.00000000 0.00000000 0.00000000     0
 [4,] 0.00000000 0.00000000 0.00000000 0.00000000 0.00000000 0.00000000 0.00000000 0.00000000 0.00000000 0.00000000 0.00000000 0.00000000 0.00000000 0.00000000     0
 [5,] 0.00000000 0.00000000 0.00000000 0.00000000 0.00000000 0.00000000 0.00000000 0.00000000 0.00000000 0.00000000 0.00000000 0.00000000 0.00000000 0.00000000     0
 [6,] 0.00000000 0.00000000 0.00000000 0.00000000 0.00000000 0.00000000 0.00000000 0.00000000 0.00000000 0.00000000 0.00000000 0.00000000 0.00000000 0.00000000     0
 [7,] 0.00000000 0.00000000 0.00000000 0.00000000 0.00000000 0.00000000 0.00000000 0.00000000 0.00000000 0.00000000 0.00000000 0.00000000 0.00000000 0.00000000     0
 [8,] 0.00000000 0.00000000 0.00000000 0.00000000 0.00000000 0.00000000 0.00000000 0.00000000 0.00000000 0.00000000 0.00000000 0.00000000 0.00000000 0.00000000     0
 [9,] 0.00000000 0.00000000 0.00000000 0.00000000 0.00000000 0.00000000 0.00000000 0.00000000 0.00000000 0.00000000 0.00000000 0.00000000 0.00000000 0.00000000     0
[10,] 0.00000000 0.00000000 0.00000000 0.00000000 0.00000000 0.00000000 0.00000000 0.00000000 0.00000000 0.00000000 0.00000000 0.00000000 0.00000000 0.00000000     0
[11,] 0.00000000 0.00000000 0.00000000 0.00000000 0.00000000 0.00000000 0.00000000 0.00000000 0.00000000 0.00000000 0.00000000 0.00000000 0.00000000 0.00000000     0
[12,] 0.00000000 0.00000000 0.00000000 0.00000000 0.00000000 0.00000000 0.00000000 0.00000000 0.00000000 0.00000000 0.00000000 0.00000000 0.00000000 0.00000000     0
[13,] 0.00000000 0.00000000 0.00000000 0.00000000 0.00000000 0.00000000 0.00000000 0.00000000 0.00000000 0.00000000 0.00000000 0.00000000 0.00000000 0.00000000     0
[14,] 0.00093605 0.00093605 0.00093605 0.00093605 0.00093605 0.00093605 0.00093605 0.00093605 0.00093605 0.00093605 0.00093605 0.00093605 0.00093605 0.00000000     0
[15,] 0.00000000 0.00000000 0.00000000 0.00000000 0.00000000 0.00000000 0.00000000 0.00000000 0.00000000 0.00000000 0.00000000 0.00000000 0.00000000 0.00093605     0
[16,] 0.00000000 0.00000000 0.00000000 0.00000000 0.00000000 0.00000000 0.00000000 0.00000000 0.00000000 0.00000000 0.00000000 0.00000000 0.00000000 0.00093605     0
[17,] 0.00000000 0.00000000 0.00000000 0.00000000 0.00000000 0.00000000 0.00000000 0.00000000 0.00000000 0.00000000 0.00000000 0.00000000 0.00000000 0.00093605     0
      [,16] [,17]
 [1,]     0     0
 [2,]     0     0
 [3,]     0     0
 [4,]     0     0
 [5,]     0     0
 [6,]     0     0
 [7,]     0     0
 [8,]     0     0
 [9,]     0     0
[10,]     0     0
[11,]     0     0
[12,]     0     0
[13,]     0     0
[14,]     0     0
[15,]     0     0
[16,]     0     0
[17,]     0     0


[[1]][[15]]
[[1]][[15]]$partition
[[1]][[15]]$partition$a
[1] "S._invicta"

[[1]][[15]]$partition$b
 [1] "A._pisum"            "D._melanogaster"     "T._castaneum"        "B._mori"             "C._quinquefasciatus" "N._vitrepennis"      "B._terrestris"      
 [8] "B._impatiens"        "A._mellifera"        "A._florea"           "H._saltator"         "C._floridanus"       "L._humile"           "P._barbatus"        
[15] "A._echinatior"       "A._cephalotes"      


[[1]][[15]]$isolation_index
[1] 0.00117145

[[1]][[15]]$matrix
            [,1]       [,2]       [,3]       [,4]       [,5]       [,6]       [,7]       [,8]       [,9]      [,10]      [,11]      [,12]      [,13]      [,14]
 [1,] 0.00000000 0.00000000 0.00000000 0.00000000 0.00000000 0.00000000 0.00000000 0.00000000 0.00000000 0.00000000 0.00000000 0.00000000 0.00000000 0.00000000
 [2,] 0.00000000 0.00000000 0.00000000 0.00000000 0.00000000 0.00000000 0.00000000 0.00000000 0.00000000 0.00000000 0.00000000 0.00000000 0.00000000 0.00000000
 [3,] 0.00000000 0.00000000 0.00000000 0.00000000 0.00000000 0.00000000 0.00000000 0.00000000 0.00000000 0.00000000 0.00000000 0.00000000 0.00000000 0.00000000
 [4,] 0.00000000 0.00000000 0.00000000 0.00000000 0.00000000 0.00000000 0.00000000 0.00000000 0.00000000 0.00000000 0.00000000 0.00000000 0.00000000 0.00000000
 [5,] 0.00000000 0.00000000 0.00000000 0.00000000 0.00000000 0.00000000 0.00000000 0.00000000 0.00000000 0.00000000 0.00000000 0.00000000 0.00000000 0.00000000
 [6,] 0.00000000 0.00000000 0.00000000 0.00000000 0.00000000 0.00000000 0.00000000 0.00000000 0.00000000 0.00000000 0.00000000 0.00000000 0.00000000 0.00000000
 [7,] 0.00000000 0.00000000 0.00000000 0.00000000 0.00000000 0.00000000 0.00000000 0.00000000 0.00000000 0.00000000 0.00000000 0.00000000 0.00000000 0.00000000
 [8,] 0.00000000 0.00000000 0.00000000 0.00000000 0.00000000 0.00000000 0.00000000 0.00000000 0.00000000 0.00000000 0.00000000 0.00000000 0.00000000 0.00000000
 [9,] 0.00000000 0.00000000 0.00000000 0.00000000 0.00000000 0.00000000 0.00000000 0.00000000 0.00000000 0.00000000 0.00000000 0.00000000 0.00000000 0.00000000
[10,] 0.00000000 0.00000000 0.00000000 0.00000000 0.00000000 0.00000000 0.00000000 0.00000000 0.00000000 0.00000000 0.00000000 0.00000000 0.00000000 0.00000000
[11,] 0.00000000 0.00000000 0.00000000 0.00000000 0.00000000 0.00000000 0.00000000 0.00000000 0.00000000 0.00000000 0.00000000 0.00000000 0.00000000 0.00000000
[12,] 0.00000000 0.00000000 0.00000000 0.00000000 0.00000000 0.00000000 0.00000000 0.00000000 0.00000000 0.00000000 0.00000000 0.00000000 0.00000000 0.00000000
[13,] 0.00000000 0.00000000 0.00000000 0.00000000 0.00000000 0.00000000 0.00000000 0.00000000 0.00000000 0.00000000 0.00000000 0.00000000 0.00000000 0.00000000
[14,] 0.00000000 0.00000000 0.00000000 0.00000000 0.00000000 0.00000000 0.00000000 0.00000000 0.00000000 0.00000000 0.00000000 0.00000000 0.00000000 0.00000000
[15,] 0.00117145 0.00117145 0.00117145 0.00117145 0.00117145 0.00117145 0.00117145 0.00117145 0.00117145 0.00117145 0.00117145 0.00117145 0.00117145 0.00117145
[16,] 0.00000000 0.00000000 0.00000000 0.00000000 0.00000000 0.00000000 0.00000000 0.00000000 0.00000000 0.00000000 0.00000000 0.00000000 0.00000000 0.00000000
[17,] 0.00000000 0.00000000 0.00000000 0.00000000 0.00000000 0.00000000 0.00000000 0.00000000 0.00000000 0.00000000 0.00000000 0.00000000 0.00000000 0.00000000
           [,15] [,16] [,17]
 [1,] 0.00000000     0     0
 [2,] 0.00000000     0     0
 [3,] 0.00000000     0     0
 [4,] 0.00000000     0     0
 [5,] 0.00000000     0     0
 [6,] 0.00000000     0     0
 [7,] 0.00000000     0     0
 [8,] 0.00000000     0     0
 [9,] 0.00000000     0     0
[10,] 0.00000000     0     0
[11,] 0.00000000     0     0
[12,] 0.00000000     0     0
[13,] 0.00000000     0     0
[14,] 0.00000000     0     0
[15,] 0.00000000     0     0
[16,] 0.00117145     0     0
[17,] 0.00117145     0     0


[[1]][[16]]
[[1]][[16]]$partition
[[1]][[16]]$partition$a
[1] "A._echinatior"

[[1]][[16]]$partition$b
 [1] "A._pisum"            "D._melanogaster"     "T._castaneum"        "B._mori"             "C._quinquefasciatus" "N._vitrepennis"      "B._terrestris"      
 [8] "B._impatiens"        "A._mellifera"        "A._florea"           "H._saltator"         "C._floridanus"       "L._humile"           "P._barbatus"        
[15] "S._invicta"          "A._cephalotes"      


[[1]][[16]]$isolation_index
[1] 5e-07

[[1]][[16]]$matrix
       [,1]  [,2]  [,3]  [,4]  [,5]  [,6]  [,7]  [,8]  [,9] [,10] [,11] [,12] [,13] [,14] [,15] [,16] [,17]
 [1,] 0e+00 0e+00 0e+00 0e+00 0e+00 0e+00 0e+00 0e+00 0e+00 0e+00 0e+00 0e+00 0e+00 0e+00 0e+00 0e+00     0
 [2,] 0e+00 0e+00 0e+00 0e+00 0e+00 0e+00 0e+00 0e+00 0e+00 0e+00 0e+00 0e+00 0e+00 0e+00 0e+00 0e+00     0
 [3,] 0e+00 0e+00 0e+00 0e+00 0e+00 0e+00 0e+00 0e+00 0e+00 0e+00 0e+00 0e+00 0e+00 0e+00 0e+00 0e+00     0
 [4,] 0e+00 0e+00 0e+00 0e+00 0e+00 0e+00 0e+00 0e+00 0e+00 0e+00 0e+00 0e+00 0e+00 0e+00 0e+00 0e+00     0
 [5,] 0e+00 0e+00 0e+00 0e+00 0e+00 0e+00 0e+00 0e+00 0e+00 0e+00 0e+00 0e+00 0e+00 0e+00 0e+00 0e+00     0
 [6,] 0e+00 0e+00 0e+00 0e+00 0e+00 0e+00 0e+00 0e+00 0e+00 0e+00 0e+00 0e+00 0e+00 0e+00 0e+00 0e+00     0
 [7,] 0e+00 0e+00 0e+00 0e+00 0e+00 0e+00 0e+00 0e+00 0e+00 0e+00 0e+00 0e+00 0e+00 0e+00 0e+00 0e+00     0
 [8,] 0e+00 0e+00 0e+00 0e+00 0e+00 0e+00 0e+00 0e+00 0e+00 0e+00 0e+00 0e+00 0e+00 0e+00 0e+00 0e+00     0
 [9,] 0e+00 0e+00 0e+00 0e+00 0e+00 0e+00 0e+00 0e+00 0e+00 0e+00 0e+00 0e+00 0e+00 0e+00 0e+00 0e+00     0
[10,] 0e+00 0e+00 0e+00 0e+00 0e+00 0e+00 0e+00 0e+00 0e+00 0e+00 0e+00 0e+00 0e+00 0e+00 0e+00 0e+00     0
[11,] 0e+00 0e+00 0e+00 0e+00 0e+00 0e+00 0e+00 0e+00 0e+00 0e+00 0e+00 0e+00 0e+00 0e+00 0e+00 0e+00     0
[12,] 0e+00 0e+00 0e+00 0e+00 0e+00 0e+00 0e+00 0e+00 0e+00 0e+00 0e+00 0e+00 0e+00 0e+00 0e+00 0e+00     0
[13,] 0e+00 0e+00 0e+00 0e+00 0e+00 0e+00 0e+00 0e+00 0e+00 0e+00 0e+00 0e+00 0e+00 0e+00 0e+00 0e+00     0
[14,] 0e+00 0e+00 0e+00 0e+00 0e+00 0e+00 0e+00 0e+00 0e+00 0e+00 0e+00 0e+00 0e+00 0e+00 0e+00 0e+00     0
[15,] 0e+00 0e+00 0e+00 0e+00 0e+00 0e+00 0e+00 0e+00 0e+00 0e+00 0e+00 0e+00 0e+00 0e+00 0e+00 0e+00     0
[16,] 5e-07 5e-07 5e-07 5e-07 5e-07 5e-07 5e-07 5e-07 5e-07 5e-07 5e-07 5e-07 5e-07 5e-07 5e-07 0e+00     0
[17,] 0e+00 0e+00 0e+00 0e+00 0e+00 0e+00 0e+00 0e+00 0e+00 0e+00 0e+00 0e+00 0e+00 0e+00 0e+00 5e-07     0


[[1]][[17]]
[[1]][[17]]$partition
[[1]][[17]]$partition$a
[1] "A._cephalotes"

[[1]][[17]]$partition$b
 [1] "A._pisum"            "D._melanogaster"     "T._castaneum"        "B._mori"             "C._quinquefasciatus" "N._vitrepennis"      "B._terrestris"      
 [8] "B._impatiens"        "A._mellifera"        "A._florea"           "H._saltator"         "C._floridanus"       "L._humile"           "P._barbatus"        
[15] "S._invicta"          "A._echinatior"      


[[1]][[17]]$isolation_index
[1] 5e-07

[[1]][[17]]$matrix
       [,1]  [,2]  [,3]  [,4]  [,5]  [,6]  [,7]  [,8]  [,9] [,10] [,11] [,12] [,13] [,14] [,15] [,16] [,17]
 [1,] 0e+00 0e+00 0e+00 0e+00 0e+00 0e+00 0e+00 0e+00 0e+00 0e+00 0e+00 0e+00 0e+00 0e+00 0e+00 0e+00     0
 [2,] 0e+00 0e+00 0e+00 0e+00 0e+00 0e+00 0e+00 0e+00 0e+00 0e+00 0e+00 0e+00 0e+00 0e+00 0e+00 0e+00     0
 [3,] 0e+00 0e+00 0e+00 0e+00 0e+00 0e+00 0e+00 0e+00 0e+00 0e+00 0e+00 0e+00 0e+00 0e+00 0e+00 0e+00     0
 [4,] 0e+00 0e+00 0e+00 0e+00 0e+00 0e+00 0e+00 0e+00 0e+00 0e+00 0e+00 0e+00 0e+00 0e+00 0e+00 0e+00     0
 [5,] 0e+00 0e+00 0e+00 0e+00 0e+00 0e+00 0e+00 0e+00 0e+00 0e+00 0e+00 0e+00 0e+00 0e+00 0e+00 0e+00     0
 [6,] 0e+00 0e+00 0e+00 0e+00 0e+00 0e+00 0e+00 0e+00 0e+00 0e+00 0e+00 0e+00 0e+00 0e+00 0e+00 0e+00     0
 [7,] 0e+00 0e+00 0e+00 0e+00 0e+00 0e+00 0e+00 0e+00 0e+00 0e+00 0e+00 0e+00 0e+00 0e+00 0e+00 0e+00     0
 [8,] 0e+00 0e+00 0e+00 0e+00 0e+00 0e+00 0e+00 0e+00 0e+00 0e+00 0e+00 0e+00 0e+00 0e+00 0e+00 0e+00     0
 [9,] 0e+00 0e+00 0e+00 0e+00 0e+00 0e+00 0e+00 0e+00 0e+00 0e+00 0e+00 0e+00 0e+00 0e+00 0e+00 0e+00     0
[10,] 0e+00 0e+00 0e+00 0e+00 0e+00 0e+00 0e+00 0e+00 0e+00 0e+00 0e+00 0e+00 0e+00 0e+00 0e+00 0e+00     0
[11,] 0e+00 0e+00 0e+00 0e+00 0e+00 0e+00 0e+00 0e+00 0e+00 0e+00 0e+00 0e+00 0e+00 0e+00 0e+00 0e+00     0
[12,] 0e+00 0e+00 0e+00 0e+00 0e+00 0e+00 0e+00 0e+00 0e+00 0e+00 0e+00 0e+00 0e+00 0e+00 0e+00 0e+00     0
[13,] 0e+00 0e+00 0e+00 0e+00 0e+00 0e+00 0e+00 0e+00 0e+00 0e+00 0e+00 0e+00 0e+00 0e+00 0e+00 0e+00     0
[14,] 0e+00 0e+00 0e+00 0e+00 0e+00 0e+00 0e+00 0e+00 0e+00 0e+00 0e+00 0e+00 0e+00 0e+00 0e+00 0e+00     0
[15,] 0e+00 0e+00 0e+00 0e+00 0e+00 0e+00 0e+00 0e+00 0e+00 0e+00 0e+00 0e+00 0e+00 0e+00 0e+00 0e+00     0
[16,] 0e+00 0e+00 0e+00 0e+00 0e+00 0e+00 0e+00 0e+00 0e+00 0e+00 0e+00 0e+00 0e+00 0e+00 0e+00 0e+00     0
[17,] 5e-07 5e-07 5e-07 5e-07 5e-07 5e-07 5e-07 5e-07 5e-07 5e-07 5e-07 5e-07 5e-07 5e-07 5e-07 5e-07     0


[[1]][[18]]
[[1]][[18]]$partition
[[1]][[18]]$partition$a
[1] "A._pisum"     "T._castaneum"

[[1]][[18]]$partition$b
 [1] "D._melanogaster"     "B._mori"             "C._quinquefasciatus" "N._vitrepennis"      "B._terrestris"       "B._impatiens"        "A._mellifera"       
 [8] "A._florea"           "H._saltator"         "C._floridanus"       "L._humile"           "P._barbatus"         "S._invicta"          "A._echinatior"      
[15] "A._cephalotes"      


[[1]][[18]]$isolation_index
[1] 2.35e-06

[[1]][[18]]$matrix
          [,1]     [,2]     [,3] [,4] [,5] [,6] [,7] [,8] [,9] [,10] [,11] [,12] [,13] [,14] [,15] [,16] [,17]
 [1,] 0.00e+00 0.00e+00 0.00e+00    0    0    0    0    0    0     0     0     0     0     0     0     0     0
 [2,] 2.35e-06 0.00e+00 0.00e+00    0    0    0    0    0    0     0     0     0     0     0     0     0     0
 [3,] 0.00e+00 2.35e-06 0.00e+00    0    0    0    0    0    0     0     0     0     0     0     0     0     0
 [4,] 2.35e-06 0.00e+00 2.35e-06    0    0    0    0    0    0     0     0     0     0     0     0     0     0
 [5,] 2.35e-06 0.00e+00 2.35e-06    0    0    0    0    0    0     0     0     0     0     0     0     0     0
 [6,] 2.35e-06 0.00e+00 2.35e-06    0    0    0    0    0    0     0     0     0     0     0     0     0     0
 [7,] 2.35e-06 0.00e+00 2.35e-06    0    0    0    0    0    0     0     0     0     0     0     0     0     0
 [8,] 2.35e-06 0.00e+00 2.35e-06    0    0    0    0    0    0     0     0     0     0     0     0     0     0
 [9,] 2.35e-06 0.00e+00 2.35e-06    0    0    0    0    0    0     0     0     0     0     0     0     0     0
[10,] 2.35e-06 0.00e+00 2.35e-06    0    0    0    0    0    0     0     0     0     0     0     0     0     0
[11,] 2.35e-06 0.00e+00 2.35e-06    0    0    0    0    0    0     0     0     0     0     0     0     0     0
[12,] 2.35e-06 0.00e+00 2.35e-06    0    0    0    0    0    0     0     0     0     0     0     0     0     0
[13,] 2.35e-06 0.00e+00 2.35e-06    0    0    0    0    0    0     0     0     0     0     0     0     0     0
[14,] 2.35e-06 0.00e+00 2.35e-06    0    0    0    0    0    0     0     0     0     0     0     0     0     0
[15,] 2.35e-06 0.00e+00 2.35e-06    0    0    0    0    0    0     0     0     0     0     0     0     0     0
[16,] 2.35e-06 0.00e+00 2.35e-06    0    0    0    0    0    0     0     0     0     0     0     0     0     0
[17,] 2.35e-06 0.00e+00 2.35e-06    0    0    0    0    0    0     0     0     0     0     0     0     0     0


[[1]][[19]]
[[1]][[19]]$partition
[[1]][[19]]$partition$a
[1] "A._mellifera" "A._florea"   

[[1]][[19]]$partition$b
 [1] "A._pisum"            "D._melanogaster"     "T._castaneum"        "B._mori"             "C._quinquefasciatus" "N._vitrepennis"      "B._terrestris"      
 [8] "B._impatiens"        "H._saltator"         "C._floridanus"       "L._humile"           "P._barbatus"         "S._invicta"          "A._echinatior"      
[15] "A._cephalotes"      


[[1]][[19]]$isolation_index
[1] 0.00225765

[[1]][[19]]$matrix
            [,1]       [,2]       [,3]       [,4]       [,5]       [,6]       [,7]       [,8]       [,9]      [,10] [,11] [,12] [,13] [,14] [,15] [,16] [,17]
 [1,] 0.00000000 0.00000000 0.00000000 0.00000000 0.00000000 0.00000000 0.00000000 0.00000000 0.00000000 0.00000000     0     0     0     0     0     0     0
 [2,] 0.00000000 0.00000000 0.00000000 0.00000000 0.00000000 0.00000000 0.00000000 0.00000000 0.00000000 0.00000000     0     0     0     0     0     0     0
 [3,] 0.00000000 0.00000000 0.00000000 0.00000000 0.00000000 0.00000000 0.00000000 0.00000000 0.00000000 0.00000000     0     0     0     0     0     0     0
 [4,] 0.00000000 0.00000000 0.00000000 0.00000000 0.00000000 0.00000000 0.00000000 0.00000000 0.00000000 0.00000000     0     0     0     0     0     0     0
 [5,] 0.00000000 0.00000000 0.00000000 0.00000000 0.00000000 0.00000000 0.00000000 0.00000000 0.00000000 0.00000000     0     0     0     0     0     0     0
 [6,] 0.00000000 0.00000000 0.00000000 0.00000000 0.00000000 0.00000000 0.00000000 0.00000000 0.00000000 0.00000000     0     0     0     0     0     0     0
 [7,] 0.00000000 0.00000000 0.00000000 0.00000000 0.00000000 0.00000000 0.00000000 0.00000000 0.00000000 0.00000000     0     0     0     0     0     0     0
 [8,] 0.00000000 0.00000000 0.00000000 0.00000000 0.00000000 0.00000000 0.00000000 0.00000000 0.00000000 0.00000000     0     0     0     0     0     0     0
 [9,] 0.00225765 0.00225765 0.00225765 0.00225765 0.00225765 0.00225765 0.00225765 0.00225765 0.00000000 0.00000000     0     0     0     0     0     0     0
[10,] 0.00225765 0.00225765 0.00225765 0.00225765 0.00225765 0.00225765 0.00225765 0.00225765 0.00000000 0.00000000     0     0     0     0     0     0     0
[11,] 0.00000000 0.00000000 0.00000000 0.00000000 0.00000000 0.00000000 0.00000000 0.00000000 0.00225765 0.00225765     0     0     0     0     0     0     0
[12,] 0.00000000 0.00000000 0.00000000 0.00000000 0.00000000 0.00000000 0.00000000 0.00000000 0.00225765 0.00225765     0     0     0     0     0     0     0
[13,] 0.00000000 0.00000000 0.00000000 0.00000000 0.00000000 0.00000000 0.00000000 0.00000000 0.00225765 0.00225765     0     0     0     0     0     0     0
[14,] 0.00000000 0.00000000 0.00000000 0.00000000 0.00000000 0.00000000 0.00000000 0.00000000 0.00225765 0.00225765     0     0     0     0     0     0     0
[15,] 0.00000000 0.00000000 0.00000000 0.00000000 0.00000000 0.00000000 0.00000000 0.00000000 0.00225765 0.00225765     0     0     0     0     0     0     0
[16,] 0.00000000 0.00000000 0.00000000 0.00000000 0.00000000 0.00000000 0.00000000 0.00000000 0.00225765 0.00225765     0     0     0     0     0     0     0
[17,] 0.00000000 0.00000000 0.00000000 0.00000000 0.00000000 0.00000000 0.00000000 0.00000000 0.00225765 0.00225765     0     0     0     0     0     0     0


[[1]][[20]]
[[1]][[20]]$partition
[[1]][[20]]$partition$a
[1] "A._echinatior" "A._cephalotes"

[[1]][[20]]$partition$b
 [1] "A._pisum"            "D._melanogaster"     "T._castaneum"        "B._mori"             "C._quinquefasciatus" "N._vitrepennis"      "B._terrestris"      
 [8] "B._impatiens"        "A._mellifera"        "A._florea"           "H._saltator"         "C._floridanus"       "L._humile"           "P._barbatus"        
[15] "S._invicta"         


[[1]][[20]]$isolation_index
[1] 0.00089825

[[1]][[20]]$matrix
            [,1]       [,2]       [,3]       [,4]       [,5]       [,6]       [,7]       [,8]       [,9]      [,10]      [,11]      [,12]      [,13]      [,14]
 [1,] 0.00000000 0.00000000 0.00000000 0.00000000 0.00000000 0.00000000 0.00000000 0.00000000 0.00000000 0.00000000 0.00000000 0.00000000 0.00000000 0.00000000
 [2,] 0.00000000 0.00000000 0.00000000 0.00000000 0.00000000 0.00000000 0.00000000 0.00000000 0.00000000 0.00000000 0.00000000 0.00000000 0.00000000 0.00000000
 [3,] 0.00000000 0.00000000 0.00000000 0.00000000 0.00000000 0.00000000 0.00000000 0.00000000 0.00000000 0.00000000 0.00000000 0.00000000 0.00000000 0.00000000
 [4,] 0.00000000 0.00000000 0.00000000 0.00000000 0.00000000 0.00000000 0.00000000 0.00000000 0.00000000 0.00000000 0.00000000 0.00000000 0.00000000 0.00000000
 [5,] 0.00000000 0.00000000 0.00000000 0.00000000 0.00000000 0.00000000 0.00000000 0.00000000 0.00000000 0.00000000 0.00000000 0.00000000 0.00000000 0.00000000
 [6,] 0.00000000 0.00000000 0.00000000 0.00000000 0.00000000 0.00000000 0.00000000 0.00000000 0.00000000 0.00000000 0.00000000 0.00000000 0.00000000 0.00000000
 [7,] 0.00000000 0.00000000 0.00000000 0.00000000 0.00000000 0.00000000 0.00000000 0.00000000 0.00000000 0.00000000 0.00000000 0.00000000 0.00000000 0.00000000
 [8,] 0.00000000 0.00000000 0.00000000 0.00000000 0.00000000 0.00000000 0.00000000 0.00000000 0.00000000 0.00000000 0.00000000 0.00000000 0.00000000 0.00000000
 [9,] 0.00000000 0.00000000 0.00000000 0.00000000 0.00000000 0.00000000 0.00000000 0.00000000 0.00000000 0.00000000 0.00000000 0.00000000 0.00000000 0.00000000
[10,] 0.00000000 0.00000000 0.00000000 0.00000000 0.00000000 0.00000000 0.00000000 0.00000000 0.00000000 0.00000000 0.00000000 0.00000000 0.00000000 0.00000000
[11,] 0.00000000 0.00000000 0.00000000 0.00000000 0.00000000 0.00000000 0.00000000 0.00000000 0.00000000 0.00000000 0.00000000 0.00000000 0.00000000 0.00000000
[12,] 0.00000000 0.00000000 0.00000000 0.00000000 0.00000000 0.00000000 0.00000000 0.00000000 0.00000000 0.00000000 0.00000000 0.00000000 0.00000000 0.00000000
[13,] 0.00000000 0.00000000 0.00000000 0.00000000 0.00000000 0.00000000 0.00000000 0.00000000 0.00000000 0.00000000 0.00000000 0.00000000 0.00000000 0.00000000
[14,] 0.00000000 0.00000000 0.00000000 0.00000000 0.00000000 0.00000000 0.00000000 0.00000000 0.00000000 0.00000000 0.00000000 0.00000000 0.00000000 0.00000000
[15,] 0.00000000 0.00000000 0.00000000 0.00000000 0.00000000 0.00000000 0.00000000 0.00000000 0.00000000 0.00000000 0.00000000 0.00000000 0.00000000 0.00000000
[16,] 0.00089825 0.00089825 0.00089825 0.00089825 0.00089825 0.00089825 0.00089825 0.00089825 0.00089825 0.00089825 0.00089825 0.00089825 0.00089825 0.00089825
[17,] 0.00089825 0.00089825 0.00089825 0.00089825 0.00089825 0.00089825 0.00089825 0.00089825 0.00089825 0.00089825 0.00089825 0.00089825 0.00089825 0.00089825
           [,15] [,16] [,17]
 [1,] 0.00000000     0     0
 [2,] 0.00000000     0     0
 [3,] 0.00000000     0     0
 [4,] 0.00000000     0     0
 [5,] 0.00000000     0     0
 [6,] 0.00000000     0     0
 [7,] 0.00000000     0     0
 [8,] 0.00000000     0     0
 [9,] 0.00000000     0     0
[10,] 0.00000000     0     0
[11,] 0.00000000     0     0
[12,] 0.00000000     0     0
[13,] 0.00000000     0     0
[14,] 0.00000000     0     0
[15,] 0.00000000     0     0
[16,] 0.00089825     0     0
[17,] 0.00089825     0     0


[[1]][[21]]
[[1]][[21]]$partition
[[1]][[21]]$partition$a
[1] "B._terrestris" "B._impatiens"  "A._mellifera"  "A._florea"    

[[1]][[21]]$partition$b
 [1] "A._pisum"            "D._melanogaster"     "T._castaneum"        "B._mori"             "C._quinquefasciatus" "N._vitrepennis"      "H._saltator"        
 [8] "C._floridanus"       "L._humile"           "P._barbatus"         "S._invicta"          "A._echinatior"       "A._cephalotes"      


[[1]][[21]]$isolation_index
[1] 0.00637875

[[1]][[21]]$matrix
            [,1]       [,2]       [,3]       [,4]       [,5]       [,6]       [,7]       [,8]       [,9]      [,10] [,11] [,12] [,13] [,14] [,15] [,16] [,17]
 [1,] 0.00000000 0.00000000 0.00000000 0.00000000 0.00000000 0.00000000 0.00000000 0.00000000 0.00000000 0.00000000     0     0     0     0     0     0     0
 [2,] 0.00000000 0.00000000 0.00000000 0.00000000 0.00000000 0.00000000 0.00000000 0.00000000 0.00000000 0.00000000     0     0     0     0     0     0     0
 [3,] 0.00000000 0.00000000 0.00000000 0.00000000 0.00000000 0.00000000 0.00000000 0.00000000 0.00000000 0.00000000     0     0     0     0     0     0     0
 [4,] 0.00000000 0.00000000 0.00000000 0.00000000 0.00000000 0.00000000 0.00000000 0.00000000 0.00000000 0.00000000     0     0     0     0     0     0     0
 [5,] 0.00000000 0.00000000 0.00000000 0.00000000 0.00000000 0.00000000 0.00000000 0.00000000 0.00000000 0.00000000     0     0     0     0     0     0     0
 [6,] 0.00000000 0.00000000 0.00000000 0.00000000 0.00000000 0.00000000 0.00000000 0.00000000 0.00000000 0.00000000     0     0     0     0     0     0     0
 [7,] 0.00637875 0.00637875 0.00637875 0.00637875 0.00637875 0.00637875 0.00000000 0.00000000 0.00000000 0.00000000     0     0     0     0     0     0     0
 [8,] 0.00637875 0.00637875 0.00637875 0.00637875 0.00637875 0.00637875 0.00000000 0.00000000 0.00000000 0.00000000     0     0     0     0     0     0     0
 [9,] 0.00637875 0.00637875 0.00637875 0.00637875 0.00637875 0.00637875 0.00000000 0.00000000 0.00000000 0.00000000     0     0     0     0     0     0     0
[10,] 0.00637875 0.00637875 0.00637875 0.00637875 0.00637875 0.00637875 0.00000000 0.00000000 0.00000000 0.00000000     0     0     0     0     0     0     0
[11,] 0.00000000 0.00000000 0.00000000 0.00000000 0.00000000 0.00000000 0.00637875 0.00637875 0.00637875 0.00637875     0     0     0     0     0     0     0
[12,] 0.00000000 0.00000000 0.00000000 0.00000000 0.00000000 0.00000000 0.00637875 0.00637875 0.00637875 0.00637875     0     0     0     0     0     0     0
[13,] 0.00000000 0.00000000 0.00000000 0.00000000 0.00000000 0.00000000 0.00637875 0.00637875 0.00637875 0.00637875     0     0     0     0     0     0     0
[14,] 0.00000000 0.00000000 0.00000000 0.00000000 0.00000000 0.00000000 0.00637875 0.00637875 0.00637875 0.00637875     0     0     0     0     0     0     0
[15,] 0.00000000 0.00000000 0.00000000 0.00000000 0.00000000 0.00000000 0.00637875 0.00637875 0.00637875 0.00637875     0     0     0     0     0     0     0
[16,] 0.00000000 0.00000000 0.00000000 0.00000000 0.00000000 0.00000000 0.00637875 0.00637875 0.00637875 0.00637875     0     0     0     0     0     0     0
[17,] 0.00000000 0.00000000 0.00000000 0.00000000 0.00000000 0.00000000 0.00637875 0.00637875 0.00637875 0.00637875     0     0     0     0     0     0     0


[[1]][[22]]
[[1]][[22]]$partition
[[1]][[22]]$partition$a
[1] "P._barbatus"   "S._invicta"    "A._echinatior" "A._cephalotes"

[[1]][[22]]$partition$b
 [1] "A._pisum"            "D._melanogaster"     "T._castaneum"        "B._mori"             "C._quinquefasciatus" "N._vitrepennis"      "B._terrestris"      
 [8] "B._impatiens"        "A._mellifera"        "A._florea"           "H._saltator"         "C._floridanus"       "L._humile"          


[[1]][[22]]$isolation_index
[1] 0.0005996

[[1]][[22]]$matrix
           [,1]      [,2]      [,3]      [,4]      [,5]      [,6]      [,7]      [,8]      [,9]     [,10]     [,11]     [,12]     [,13] [,14] [,15] [,16] [,17]
 [1,] 0.0000000 0.0000000 0.0000000 0.0000000 0.0000000 0.0000000 0.0000000 0.0000000 0.0000000 0.0000000 0.0000000 0.0000000 0.0000000     0     0     0     0
 [2,] 0.0000000 0.0000000 0.0000000 0.0000000 0.0000000 0.0000000 0.0000000 0.0000000 0.0000000 0.0000000 0.0000000 0.0000000 0.0000000     0     0     0     0
 [3,] 0.0000000 0.0000000 0.0000000 0.0000000 0.0000000 0.0000000 0.0000000 0.0000000 0.0000000 0.0000000 0.0000000 0.0000000 0.0000000     0     0     0     0
 [4,] 0.0000000 0.0000000 0.0000000 0.0000000 0.0000000 0.0000000 0.0000000 0.0000000 0.0000000 0.0000000 0.0000000 0.0000000 0.0000000     0     0     0     0
 [5,] 0.0000000 0.0000000 0.0000000 0.0000000 0.0000000 0.0000000 0.0000000 0.0000000 0.0000000 0.0000000 0.0000000 0.0000000 0.0000000     0     0     0     0
 [6,] 0.0000000 0.0000000 0.0000000 0.0000000 0.0000000 0.0000000 0.0000000 0.0000000 0.0000000 0.0000000 0.0000000 0.0000000 0.0000000     0     0     0     0
 [7,] 0.0000000 0.0000000 0.0000000 0.0000000 0.0000000 0.0000000 0.0000000 0.0000000 0.0000000 0.0000000 0.0000000 0.0000000 0.0000000     0     0     0     0
 [8,] 0.0000000 0.0000000 0.0000000 0.0000000 0.0000000 0.0000000 0.0000000 0.0000000 0.0000000 0.0000000 0.0000000 0.0000000 0.0000000     0     0     0     0
 [9,] 0.0000000 0.0000000 0.0000000 0.0000000 0.0000000 0.0000000 0.0000000 0.0000000 0.0000000 0.0000000 0.0000000 0.0000000 0.0000000     0     0     0     0
[10,] 0.0000000 0.0000000 0.0000000 0.0000000 0.0000000 0.0000000 0.0000000 0.0000000 0.0000000 0.0000000 0.0000000 0.0000000 0.0000000     0     0     0     0
[11,] 0.0000000 0.0000000 0.0000000 0.0000000 0.0000000 0.0000000 0.0000000 0.0000000 0.0000000 0.0000000 0.0000000 0.0000000 0.0000000     0     0     0     0
[12,] 0.0000000 0.0000000 0.0000000 0.0000000 0.0000000 0.0000000 0.0000000 0.0000000 0.0000000 0.0000000 0.0000000 0.0000000 0.0000000     0     0     0     0
[13,] 0.0000000 0.0000000 0.0000000 0.0000000 0.0000000 0.0000000 0.0000000 0.0000000 0.0000000 0.0000000 0.0000000 0.0000000 0.0000000     0     0     0     0
[14,] 0.0005996 0.0005996 0.0005996 0.0005996 0.0005996 0.0005996 0.0005996 0.0005996 0.0005996 0.0005996 0.0005996 0.0005996 0.0005996     0     0     0     0
[15,] 0.0005996 0.0005996 0.0005996 0.0005996 0.0005996 0.0005996 0.0005996 0.0005996 0.0005996 0.0005996 0.0005996 0.0005996 0.0005996     0     0     0     0
[16,] 0.0005996 0.0005996 0.0005996 0.0005996 0.0005996 0.0005996 0.0005996 0.0005996 0.0005996 0.0005996 0.0005996 0.0005996 0.0005996     0     0     0     0
[17,] 0.0005996 0.0005996 0.0005996 0.0005996 0.0005996 0.0005996 0.0005996 0.0005996 0.0005996 0.0005996 0.0005996 0.0005996 0.0005996     0     0     0     0


[[1]][[23]]
[[1]][[23]]$partition
[[1]][[23]]$partition$a
[1] "A._pisum"            "D._melanogaster"     "T._castaneum"        "B._mori"             "C._quinquefasciatus"

[[1]][[23]]$partition$b
 [1] "N._vitrepennis" "B._terrestris"  "B._impatiens"   "A._mellifera"   "A._florea"      "H._saltator"    "C._floridanus"  "L._humile"      "P._barbatus"   
[10] "S._invicta"     "A._echinatior"  "A._cephalotes" 


[[1]][[23]]$isolation_index
[1] 0.0046072

[[1]][[23]]$matrix
           [,1]      [,2]      [,3]      [,4]      [,5] [,6] [,7] [,8] [,9] [,10] [,11] [,12] [,13] [,14] [,15] [,16] [,17]
 [1,] 0.0000000 0.0000000 0.0000000 0.0000000 0.0000000    0    0    0    0     0     0     0     0     0     0     0     0
 [2,] 0.0000000 0.0000000 0.0000000 0.0000000 0.0000000    0    0    0    0     0     0     0     0     0     0     0     0
 [3,] 0.0000000 0.0000000 0.0000000 0.0000000 0.0000000    0    0    0    0     0     0     0     0     0     0     0     0
 [4,] 0.0000000 0.0000000 0.0000000 0.0000000 0.0000000    0    0    0    0     0     0     0     0     0     0     0     0
 [5,] 0.0000000 0.0000000 0.0000000 0.0000000 0.0000000    0    0    0    0     0     0     0     0     0     0     0     0
 [6,] 0.0046072 0.0046072 0.0046072 0.0046072 0.0046072    0    0    0    0     0     0     0     0     0     0     0     0
 [7,] 0.0046072 0.0046072 0.0046072 0.0046072 0.0046072    0    0    0    0     0     0     0     0     0     0     0     0
 [8,] 0.0046072 0.0046072 0.0046072 0.0046072 0.0046072    0    0    0    0     0     0     0     0     0     0     0     0
 [9,] 0.0046072 0.0046072 0.0046072 0.0046072 0.0046072    0    0    0    0     0     0     0     0     0     0     0     0
[10,] 0.0046072 0.0046072 0.0046072 0.0046072 0.0046072    0    0    0    0     0     0     0     0     0     0     0     0
[11,] 0.0046072 0.0046072 0.0046072 0.0046072 0.0046072    0    0    0    0     0     0     0     0     0     0     0     0
[12,] 0.0046072 0.0046072 0.0046072 0.0046072 0.0046072    0    0    0    0     0     0     0     0     0     0     0     0
[13,] 0.0046072 0.0046072 0.0046072 0.0046072 0.0046072    0    0    0    0     0     0     0     0     0     0     0     0
[14,] 0.0046072 0.0046072 0.0046072 0.0046072 0.0046072    0    0    0    0     0     0     0     0     0     0     0     0
[15,] 0.0046072 0.0046072 0.0046072 0.0046072 0.0046072    0    0    0    0     0     0     0     0     0     0     0     0
[16,] 0.0046072 0.0046072 0.0046072 0.0046072 0.0046072    0    0    0    0     0     0     0     0     0     0     0     0
[17,] 0.0046072 0.0046072 0.0046072 0.0046072 0.0046072    0    0    0    0     0     0     0     0     0     0     0     0


[[1]][[24]]
[[1]][[24]]$partition
[[1]][[24]]$partition$a
[1] "H._saltator"   "C._floridanus" "L._humile"     "P._barbatus"   "S._invicta"    "A._echinatior" "A._cephalotes"

[[1]][[24]]$partition$b
 [1] "A._pisum"            "D._melanogaster"     "T._castaneum"        "B._mori"             "C._quinquefasciatus" "N._vitrepennis"      "B._terrestris"      
 [8] "B._impatiens"        "A._mellifera"        "A._florea"          


[[1]][[24]]$isolation_index
[1] 0.00082365

[[1]][[24]]$matrix
            [,1]       [,2]       [,3]       [,4]       [,5]       [,6]       [,7]       [,8]       [,9]      [,10] [,11] [,12] [,13] [,14] [,15] [,16] [,17]
 [1,] 0.00000000 0.00000000 0.00000000 0.00000000 0.00000000 0.00000000 0.00000000 0.00000000 0.00000000 0.00000000     0     0     0     0     0     0     0
 [2,] 0.00000000 0.00000000 0.00000000 0.00000000 0.00000000 0.00000000 0.00000000 0.00000000 0.00000000 0.00000000     0     0     0     0     0     0     0
 [3,] 0.00000000 0.00000000 0.00000000 0.00000000 0.00000000 0.00000000 0.00000000 0.00000000 0.00000000 0.00000000     0     0     0     0     0     0     0
 [4,] 0.00000000 0.00000000 0.00000000 0.00000000 0.00000000 0.00000000 0.00000000 0.00000000 0.00000000 0.00000000     0     0     0     0     0     0     0
 [5,] 0.00000000 0.00000000 0.00000000 0.00000000 0.00000000 0.00000000 0.00000000 0.00000000 0.00000000 0.00000000     0     0     0     0     0     0     0
 [6,] 0.00000000 0.00000000 0.00000000 0.00000000 0.00000000 0.00000000 0.00000000 0.00000000 0.00000000 0.00000000     0     0     0     0     0     0     0
 [7,] 0.00000000 0.00000000 0.00000000 0.00000000 0.00000000 0.00000000 0.00000000 0.00000000 0.00000000 0.00000000     0     0     0     0     0     0     0
 [8,] 0.00000000 0.00000000 0.00000000 0.00000000 0.00000000 0.00000000 0.00000000 0.00000000 0.00000000 0.00000000     0     0     0     0     0     0     0
 [9,] 0.00000000 0.00000000 0.00000000 0.00000000 0.00000000 0.00000000 0.00000000 0.00000000 0.00000000 0.00000000     0     0     0     0     0     0     0
[10,] 0.00000000 0.00000000 0.00000000 0.00000000 0.00000000 0.00000000 0.00000000 0.00000000 0.00000000 0.00000000     0     0     0     0     0     0     0
[11,] 0.00082365 0.00082365 0.00082365 0.00082365 0.00082365 0.00082365 0.00082365 0.00082365 0.00082365 0.00082365     0     0     0     0     0     0     0
[12,] 0.00082365 0.00082365 0.00082365 0.00082365 0.00082365 0.00082365 0.00082365 0.00082365 0.00082365 0.00082365     0     0     0     0     0     0     0
[13,] 0.00082365 0.00082365 0.00082365 0.00082365 0.00082365 0.00082365 0.00082365 0.00082365 0.00082365 0.00082365     0     0     0     0     0     0     0
[14,] 0.00082365 0.00082365 0.00082365 0.00082365 0.00082365 0.00082365 0.00082365 0.00082365 0.00082365 0.00082365     0     0     0     0     0     0     0
[15,] 0.00082365 0.00082365 0.00082365 0.00082365 0.00082365 0.00082365 0.00082365 0.00082365 0.00082365 0.00082365     0     0     0     0     0     0     0
[16,] 0.00082365 0.00082365 0.00082365 0.00082365 0.00082365 0.00082365 0.00082365 0.00082365 0.00082365 0.00082365     0     0     0     0     0     0     0
[17,] 0.00082365 0.00082365 0.00082365 0.00082365 0.00082365 0.00082365 0.00082365 0.00082365 0.00082365 0.00082365     0     0     0     0     0     0     0



[[2]]
            [,1]       [,2]       [,3]       [,4]       [,5]       [,6]       [,7]       [,8]       [,9]      [,10]      [,11]     [,12]     [,13]     [,14]     [,15]
 [1,] 0.00000000 0.00000000 0.00000000 0.00000000 0.00000000 0.00000000 0.00000000 0.00000000 0.00000000 0.00000000 0.00000000 0.0000000 0.0000000 0.0000000 0.0000000
 [2,] 0.04407925 0.00000000 0.00000000 0.00000000 0.00000000 0.00000000 0.00000000 0.00000000 0.00000000 0.00000000 0.00000000 0.0000000 0.0000000 0.0000000 0.0000000
 [3,] 0.03486015 0.02566230 0.00000000 0.00000000 0.00000000 0.00000000 0.00000000 0.00000000 0.00000000 0.00000000 0.00000000 0.0000000 0.0000000 0.0000000 0.0000000
 [4,] 0.03956440 0.03036185 0.02114745 0.00000000 0.00000000 0.00000000 0.00000000 0.00000000 0.00000000 0.00000000 0.00000000 0.0000000 0.0000000 0.0000000 0.0000000
 [5,] 0.04136040 0.03215785 0.02294345 0.02764300 0.00000000 0.00000000 0.00000000 0.00000000 0.00000000 0.00000000 0.00000000 0.0000000 0.0000000 0.0000000 0.0000000
 [6,] 0.03685710 0.02765455 0.01844015 0.02313970 0.02493570 0.00000000 0.00000000 0.00000000 0.00000000 0.00000000 0.00000000 0.0000000 0.0000000 0.0000000 0.0000000
 [7,] 0.03829145 0.02908890 0.01987450 0.02457405 0.02637005 0.01265235 0.00000000 0.00000000 0.00000000 0.00000000 0.00000000 0.0000000 0.0000000 0.0000000 0.0000000
 [8,] 0.03972495 0.03052240 0.02130800 0.02600755 0.02780355 0.01408585 0.00276270 0.00000000 0.00000000 0.00000000 0.00000000 0.0000000 0.0000000 0.0000000 0.0000000
 [9,] 0.04033495 0.03113240 0.02191800 0.02661755 0.02841355 0.01469585 0.00337270 0.00480620 0.00000000 0.00000000 0.00000000 0.0000000 0.0000000 0.0000000 0.0000000
[10,] 0.04281840 0.03361585 0.02440145 0.02910100 0.03089700 0.01717930 0.00585615 0.00728965 0.00338435 0.00000000 0.00000000 0.0000000 0.0000000 0.0000000 0.0000000
[11,] 0.03484085 0.02563830 0.01642390 0.02112345 0.02291945 0.00920175 0.01063610 0.01206960 0.01267960 0.01516305 0.00000000 0.0000000 0.0000000 0.0000000 0.0000000
[12,] 0.03405300 0.02485045 0.01563605 0.02033560 0.02213160 0.00841390 0.00984825 0.01128175 0.01189175 0.01437520 0.00475035 0.0000000 0.0000000 0.0000000 0.0000000
[13,] 0.03276160 0.02355905 0.01434465 0.01904420 0.02084020 0.00712250 0.00855685 0.00999035 0.01060035 0.01308380 0.00345895 0.0026711 0.0000000 0.0000000 0.0000000
[14,] 0.03360740 0.02440485 0.01519045 0.01989000 0.02168600 0.00796830 0.00940265 0.01083615 0.01144615 0.01392960 0.00430475 0.0035169 0.0022255 0.0000000 0.0000000
[15,] 0.03384280 0.02464025 0.01542585 0.02012540 0.02192140 0.00820370 0.00963805 0.01107155 0.01168155 0.01416500 0.00454015 0.0037523 0.0024609 0.0021075 0.0000000
[16,] 0.03357010 0.02436755 0.01515315 0.01985270 0.02164870 0.00793100 0.00936535 0.01079885 0.01140885 0.01389230 0.00426745 0.0034796 0.0021882 0.0018348 0.0020702
[17,] 0.03357010 0.02436755 0.01515315 0.01985270 0.02164870 0.00793100 0.00936535 0.01079885 0.01140885 0.01389230 0.00426745 0.0034796 0.0021882 0.0018348 0.0020702
      [,16] [,17]
 [1,] 0e+00     0
 [2,] 0e+00     0
 [3,] 0e+00     0
 [4,] 0e+00     0
 [5,] 0e+00     0
 [6,] 0e+00     0
 [7,] 0e+00     0
 [8,] 0e+00     0
 [9,] 0e+00     0
[10,] 0e+00     0
[11,] 0e+00     0
[12,] 0e+00     0
[13,] 0e+00     0
[14,] 0e+00     0
[15,] 0e+00     0
[16,] 0e+00     0
[17,] 1e-06     0

