[[1]]
[[1]][[1]]
[[1]][[1]]$partition
[[1]][[1]]$partition$a
[1] "Hesperonemastoma"

[[1]][[1]]$partition$b
[1] "Ortholasma"       "Trogulus"         "Acuclavella"      "Sabacon"          "Hesperoneamstoma"


[[1]][[1]]$isolation_index
[1] 0.2011709

[[1]][[1]]$matrix
          [,1]      [,2]      [,3] [,4] [,5] [,6]
[1,] 0.0000000 0.0000000 0.0000000    0    0    0
[2,] 0.0000000 0.0000000 0.0000000    0    0    0
[3,] 0.2011709 0.2011709 0.0000000    0    0    0
[4,] 0.0000000 0.0000000 0.2011709    0    0    0
[5,] 0.0000000 0.0000000 0.2011709    0    0    0
[6,] 0.0000000 0.0000000 0.2011709    0    0    0


[[1]][[2]]
[[1]][[2]]$partition
[[1]][[2]]$partition$a
[1] "Hesperoneamstoma"

[[1]][[2]]$partition$b
[1] "Ortholasma"       "Trogulus"         "Hesperonemastoma" "Acuclavella"      "Sabacon"         


[[1]][[2]]$isolation_index
[1] 0.1175467

[[1]][[2]]$matrix
          [,1]      [,2]      [,3]      [,4]      [,5] [,6]
[1,] 0.0000000 0.0000000 0.0000000 0.0000000 0.0000000    0
[2,] 0.0000000 0.0000000 0.0000000 0.0000000 0.0000000    0
[3,] 0.0000000 0.0000000 0.0000000 0.0000000 0.0000000    0
[4,] 0.0000000 0.0000000 0.0000000 0.0000000 0.0000000    0
[5,] 0.0000000 0.0000000 0.0000000 0.0000000 0.0000000    0
[6,] 0.1175467 0.1175467 0.1175467 0.1175467 0.1175467    0


[[1]][[3]]
[[1]][[3]]$partition
[[1]][[3]]$partition$a
[1] "Ortholasma"       "Hesperonemastoma"

[[1]][[3]]$partition$b
[1] "Trogulus"         "Acuclavella"      "Sabacon"          "Hesperoneamstoma"


[[1]][[3]]$isolation_index
[1] 0.0017824

[[1]][[3]]$matrix
          [,1]      [,2]      [,3] [,4] [,5] [,6]
[1,] 0.0000000 0.0000000 0.0000000    0    0    0
[2,] 0.0017824 0.0000000 0.0000000    0    0    0
[3,] 0.0000000 0.0017824 0.0000000    0    0    0
[4,] 0.0017824 0.0000000 0.0017824    0    0    0
[5,] 0.0017824 0.0000000 0.0017824    0    0    0
[6,] 0.0017824 0.0000000 0.0017824    0    0    0


[[1]][[4]]
[[1]][[4]]$partition
[[1]][[4]]$partition$a
[1] "Trogulus"         "Hesperoneamstoma"

[[1]][[4]]$partition$b
[1] "Ortholasma"       "Hesperonemastoma" "Acuclavella"      "Sabacon"         


[[1]][[4]]$isolation_index
[1] 0.008167905

[[1]][[4]]$matrix
            [,1]        [,2]        [,3]        [,4]        [,5] [,6]
[1,] 0.000000000 0.000000000 0.000000000 0.000000000 0.000000000    0
[2,] 0.008167905 0.000000000 0.000000000 0.000000000 0.000000000    0
[3,] 0.000000000 0.008167905 0.000000000 0.000000000 0.000000000    0
[4,] 0.000000000 0.008167905 0.000000000 0.000000000 0.000000000    0
[5,] 0.000000000 0.008167905 0.000000000 0.000000000 0.000000000    0
[6,] 0.008167905 0.000000000 0.008167905 0.008167905 0.008167905    0


[[1]][[5]]
[[1]][[5]]$partition
[[1]][[5]]$partition$a
[1] "Hesperonemastoma" "Sabacon"         

[[1]][[5]]$partition$b
[1] "Ortholasma"       "Trogulus"         "Acuclavella"      "Hesperoneamstoma"


[[1]][[5]]$isolation_index
[1] 0.007186185

[[1]][[5]]$matrix
            [,1]        [,2]        [,3]        [,4]        [,5] [,6]
[1,] 0.000000000 0.000000000 0.000000000 0.000000000 0.000000000    0
[2,] 0.000000000 0.000000000 0.000000000 0.000000000 0.000000000    0
[3,] 0.007186185 0.007186185 0.000000000 0.000000000 0.000000000    0
[4,] 0.000000000 0.000000000 0.007186185 0.000000000 0.000000000    0
[5,] 0.007186185 0.007186185 0.000000000 0.007186185 0.000000000    0
[6,] 0.000000000 0.000000000 0.007186185 0.000000000 0.007186185    0


[[1]][[6]]
[[1]][[6]]$partition
[[1]][[6]]$partition$a
[1] "Sabacon"          "Hesperoneamstoma"

[[1]][[6]]$partition$b
[1] "Ortholasma"       "Trogulus"         "Hesperonemastoma" "Acuclavella"     


[[1]][[6]]$isolation_index
[1] 0.01672815

[[1]][[6]]$matrix
           [,1]       [,2]       [,3]       [,4] [,5] [,6]
[1,] 0.00000000 0.00000000 0.00000000 0.00000000    0    0
[2,] 0.00000000 0.00000000 0.00000000 0.00000000    0    0
[3,] 0.00000000 0.00000000 0.00000000 0.00000000    0    0
[4,] 0.00000000 0.00000000 0.00000000 0.00000000    0    0
[5,] 0.01672815 0.01672815 0.01672815 0.01672815    0    0
[6,] 0.01672815 0.01672815 0.01672815 0.01672815    0    0


[[1]][[7]]
[[1]][[7]]$partition
[[1]][[7]]$partition$a
[1] "Ortholasma"       "Trogulus"         "Hesperonemastoma"

[[1]][[7]]$partition$b
[1] "Acuclavella"      "Sabacon"          "Hesperoneamstoma"


[[1]][[7]]$isolation_index
[1] 0.01096516

[[1]][[7]]$matrix
           [,1]       [,2]       [,3] [,4] [,5] [,6]
[1,] 0.00000000 0.00000000 0.00000000    0    0    0
[2,] 0.00000000 0.00000000 0.00000000    0    0    0
[3,] 0.00000000 0.00000000 0.00000000    0    0    0
[4,] 0.01096516 0.01096516 0.01096516    0    0    0
[5,] 0.01096516 0.01096516 0.01096516    0    0    0
[6,] 0.01096516 0.01096516 0.01096516    0    0    0


[[1]][[8]]
[[1]][[8]]$partition
[[1]][[8]]$partition$a
[1] "Ortholasma"       "Hesperonemastoma" "Sabacon"         

[[1]][[8]]$partition$b
[1] "Trogulus"         "Acuclavella"      "Hesperoneamstoma"


[[1]][[8]]$isolation_index
[1] 0.00034004

[[1]][[8]]$matrix
           [,1]       [,2]       [,3]       [,4]       [,5] [,6]
[1,] 0.00000000 0.00000000 0.00000000 0.00000000 0.00000000    0
[2,] 0.00034004 0.00000000 0.00000000 0.00000000 0.00000000    0
[3,] 0.00000000 0.00034004 0.00000000 0.00000000 0.00000000    0
[4,] 0.00034004 0.00000000 0.00034004 0.00000000 0.00000000    0
[5,] 0.00000000 0.00034004 0.00000000 0.00034004 0.00000000    0
[6,] 0.00034004 0.00000000 0.00034004 0.00000000 0.00034004    0


[[1]][[9]]
[[1]][[9]]$partition
[[1]][[9]]$partition$a
[1] "Trogulus"         "Acuclavella"      "Hesperoneamstoma"

[[1]][[9]]$partition$b
[1] "Ortholasma"       "Hesperonemastoma" "Sabacon"         


[[1]][[9]]$isolation_index
[1] 0.00034004

[[1]][[9]]$matrix
           [,1]       [,2]       [,3]       [,4]       [,5] [,6]
[1,] 0.00000000 0.00000000 0.00000000 0.00000000 0.00000000    0
[2,] 0.00034004 0.00000000 0.00000000 0.00000000 0.00000000    0
[3,] 0.00000000 0.00034004 0.00000000 0.00000000 0.00000000    0
[4,] 0.00034004 0.00000000 0.00034004 0.00000000 0.00000000    0
[5,] 0.00000000 0.00034004 0.00000000 0.00034004 0.00000000    0
[6,] 0.00034004 0.00000000 0.00034004 0.00000000 0.00034004    0


[[1]][[10]]
[[1]][[10]]$partition
[[1]][[10]]$partition$a
[1] "Acuclavella"      "Sabacon"          "Hesperoneamstoma"

[[1]][[10]]$partition$b
[1] "Ortholasma"       "Trogulus"         "Hesperonemastoma"


[[1]][[10]]$isolation_index
[1] 0.01096516

[[1]][[10]]$matrix
           [,1]       [,2]       [,3] [,4] [,5] [,6]
[1,] 0.00000000 0.00000000 0.00000000    0    0    0
[2,] 0.00000000 0.00000000 0.00000000    0    0    0
[3,] 0.00000000 0.00000000 0.00000000    0    0    0
[4,] 0.01096516 0.01096516 0.01096516    0    0    0
[5,] 0.01096516 0.01096516 0.01096516    0    0    0
[6,] 0.01096516 0.01096516 0.01096516    0    0    0



[[2]]
           [,1]       [,2]      [,3]       [,4]      [,5] [,6]
[1,] 0.00000000 0.00000000 0.0000000 0.00000000 0.0000000    0
[2,] 0.01063038 0.00000000 0.0000000 0.00000000 0.0000000    0
[3,] 0.20835711 0.21898749 0.0000000 0.00000000 0.0000000    0
[4,] 0.02439281 0.03009824 0.2327499 0.00000000 0.0000000    0
[5,] 0.04762707 0.05469265 0.2416118 0.02459442 0.0000000    0
[6,] 0.16683553 0.15620514 0.3751926 0.14244272 0.1335808    0

