[[1]]
[[1]][[1]]
[[1]][[1]]$partition
[[1]][[1]]$partition$a
[1] "Xenopsminutus119_CA"

[[1]][[1]]$partition$b
[1] "Xenopsminutus103_NA" "Xenopsminutus111_SA" "Xenopsminutus104_CA" "Xenopsminutus110_CH" "Xenopsminutus118_NA" "Xenopsminutus102_SA" "Xenopsminutus025_CH"


[[1]][[1]]$isolation_index
[1] 0.00033132

[[1]][[1]]$matrix
           [,1] [,2] [,3] [,4] [,5] [,6] [,7] [,8]
[1,] 0.00000000    0    0    0    0    0    0    0
[2,] 0.00033132    0    0    0    0    0    0    0
[3,] 0.00033132    0    0    0    0    0    0    0
[4,] 0.00033132    0    0    0    0    0    0    0
[5,] 0.00033132    0    0    0    0    0    0    0
[6,] 0.00033132    0    0    0    0    0    0    0
[7,] 0.00033132    0    0    0    0    0    0    0
[8,] 0.00033132    0    0    0    0    0    0    0


[[1]][[2]]
[[1]][[2]]$partition
[[1]][[2]]$partition$a
[1] "Xenopsminutus103_NA"

[[1]][[2]]$partition$b
[1] "Xenopsminutus119_CA" "Xenopsminutus111_SA" "Xenopsminutus104_CA" "Xenopsminutus110_CH" "Xenopsminutus118_NA" "Xenopsminutus102_SA" "Xenopsminutus025_CH"


[[1]][[2]]$isolation_index
[1] 0.00072142

[[1]][[2]]$matrix
           [,1]       [,2] [,3] [,4] [,5] [,6] [,7] [,8]
[1,] 0.00000000 0.00000000    0    0    0    0    0    0
[2,] 0.00072142 0.00000000    0    0    0    0    0    0
[3,] 0.00000000 0.00072142    0    0    0    0    0    0
[4,] 0.00000000 0.00072142    0    0    0    0    0    0
[5,] 0.00000000 0.00072142    0    0    0    0    0    0
[6,] 0.00000000 0.00072142    0    0    0    0    0    0
[7,] 0.00000000 0.00072142    0    0    0    0    0    0
[8,] 0.00000000 0.00072142    0    0    0    0    0    0


[[1]][[3]]
[[1]][[3]]$partition
[[1]][[3]]$partition$a
[1] "Xenopsminutus111_SA"

[[1]][[3]]$partition$b
[1] "Xenopsminutus119_CA" "Xenopsminutus103_NA" "Xenopsminutus104_CA" "Xenopsminutus110_CH" "Xenopsminutus118_NA" "Xenopsminutus102_SA" "Xenopsminutus025_CH"


[[1]][[3]]$isolation_index
[1] 0.00061822

[[1]][[3]]$matrix
           [,1]       [,2]       [,3] [,4] [,5] [,6] [,7] [,8]
[1,] 0.00000000 0.00000000 0.00000000    0    0    0    0    0
[2,] 0.00000000 0.00000000 0.00000000    0    0    0    0    0
[3,] 0.00061822 0.00061822 0.00000000    0    0    0    0    0
[4,] 0.00000000 0.00000000 0.00061822    0    0    0    0    0
[5,] 0.00000000 0.00000000 0.00061822    0    0    0    0    0
[6,] 0.00000000 0.00000000 0.00061822    0    0    0    0    0
[7,] 0.00000000 0.00000000 0.00061822    0    0    0    0    0
[8,] 0.00000000 0.00000000 0.00061822    0    0    0    0    0


[[1]][[4]]
[[1]][[4]]$partition
[[1]][[4]]$partition$a
[1] "Xenopsminutus104_CA"

[[1]][[4]]$partition$b
[1] "Xenopsminutus119_CA" "Xenopsminutus103_NA" "Xenopsminutus111_SA" "Xenopsminutus110_CH" "Xenopsminutus118_NA" "Xenopsminutus102_SA" "Xenopsminutus025_CH"


[[1]][[4]]$isolation_index
[1] 0.00032496

[[1]][[4]]$matrix
           [,1]       [,2]       [,3]       [,4] [,5] [,6] [,7] [,8]
[1,] 0.00000000 0.00000000 0.00000000 0.00000000    0    0    0    0
[2,] 0.00000000 0.00000000 0.00000000 0.00000000    0    0    0    0
[3,] 0.00000000 0.00000000 0.00000000 0.00000000    0    0    0    0
[4,] 0.00032496 0.00032496 0.00032496 0.00000000    0    0    0    0
[5,] 0.00000000 0.00000000 0.00000000 0.00032496    0    0    0    0
[6,] 0.00000000 0.00000000 0.00000000 0.00032496    0    0    0    0
[7,] 0.00000000 0.00000000 0.00000000 0.00032496    0    0    0    0
[8,] 0.00000000 0.00000000 0.00000000 0.00032496    0    0    0    0


[[1]][[5]]
[[1]][[5]]$partition
[[1]][[5]]$partition$a
[1] "Xenopsminutus110_CH"

[[1]][[5]]$partition$b
[1] "Xenopsminutus119_CA" "Xenopsminutus103_NA" "Xenopsminutus111_SA" "Xenopsminutus104_CA" "Xenopsminutus118_NA" "Xenopsminutus102_SA" "Xenopsminutus025_CH"


[[1]][[5]]$isolation_index
[1] 0.00020033

[[1]][[5]]$matrix
           [,1]       [,2]       [,3]       [,4]       [,5] [,6] [,7] [,8]
[1,] 0.00000000 0.00000000 0.00000000 0.00000000 0.00000000    0    0    0
[2,] 0.00000000 0.00000000 0.00000000 0.00000000 0.00000000    0    0    0
[3,] 0.00000000 0.00000000 0.00000000 0.00000000 0.00000000    0    0    0
[4,] 0.00000000 0.00000000 0.00000000 0.00000000 0.00000000    0    0    0
[5,] 0.00020033 0.00020033 0.00020033 0.00020033 0.00000000    0    0    0
[6,] 0.00000000 0.00000000 0.00000000 0.00000000 0.00020033    0    0    0
[7,] 0.00000000 0.00000000 0.00000000 0.00000000 0.00020033    0    0    0
[8,] 0.00000000 0.00000000 0.00000000 0.00000000 0.00020033    0    0    0


[[1]][[6]]
[[1]][[6]]$partition
[[1]][[6]]$partition$a
[1] "Xenopsminutus118_NA"

[[1]][[6]]$partition$b
[1] "Xenopsminutus119_CA" "Xenopsminutus103_NA" "Xenopsminutus111_SA" "Xenopsminutus104_CA" "Xenopsminutus110_CH" "Xenopsminutus102_SA" "Xenopsminutus025_CH"


[[1]][[6]]$isolation_index
[1] 0.000705065

[[1]][[6]]$matrix
            [,1]        [,2]        [,3]        [,4]        [,5]        [,6] [,7] [,8]
[1,] 0.000000000 0.000000000 0.000000000 0.000000000 0.000000000 0.000000000    0    0
[2,] 0.000000000 0.000000000 0.000000000 0.000000000 0.000000000 0.000000000    0    0
[3,] 0.000000000 0.000000000 0.000000000 0.000000000 0.000000000 0.000000000    0    0
[4,] 0.000000000 0.000000000 0.000000000 0.000000000 0.000000000 0.000000000    0    0
[5,] 0.000000000 0.000000000 0.000000000 0.000000000 0.000000000 0.000000000    0    0
[6,] 0.000705065 0.000705065 0.000705065 0.000705065 0.000705065 0.000000000    0    0
[7,] 0.000000000 0.000000000 0.000000000 0.000000000 0.000000000 0.000705065    0    0
[8,] 0.000000000 0.000000000 0.000000000 0.000000000 0.000000000 0.000705065    0    0


[[1]][[7]]
[[1]][[7]]$partition
[[1]][[7]]$partition$a
[1] "Xenopsminutus102_SA"

[[1]][[7]]$partition$b
[1] "Xenopsminutus119_CA" "Xenopsminutus103_NA" "Xenopsminutus111_SA" "Xenopsminutus104_CA" "Xenopsminutus110_CH" "Xenopsminutus118_NA" "Xenopsminutus025_CH"


[[1]][[7]]$isolation_index
[1] 0.00046232

[[1]][[7]]$matrix
           [,1]       [,2]       [,3]       [,4]       [,5]       [,6]       [,7] [,8]
[1,] 0.00000000 0.00000000 0.00000000 0.00000000 0.00000000 0.00000000 0.00000000    0
[2,] 0.00000000 0.00000000 0.00000000 0.00000000 0.00000000 0.00000000 0.00000000    0
[3,] 0.00000000 0.00000000 0.00000000 0.00000000 0.00000000 0.00000000 0.00000000    0
[4,] 0.00000000 0.00000000 0.00000000 0.00000000 0.00000000 0.00000000 0.00000000    0
[5,] 0.00000000 0.00000000 0.00000000 0.00000000 0.00000000 0.00000000 0.00000000    0
[6,] 0.00000000 0.00000000 0.00000000 0.00000000 0.00000000 0.00000000 0.00000000    0
[7,] 0.00046232 0.00046232 0.00046232 0.00046232 0.00046232 0.00046232 0.00000000    0
[8,] 0.00000000 0.00000000 0.00000000 0.00000000 0.00000000 0.00000000 0.00046232    0


[[1]][[8]]
[[1]][[8]]$partition
[[1]][[8]]$partition$a
[1] "Xenopsminutus025_CH"

[[1]][[8]]$partition$b
[1] "Xenopsminutus119_CA" "Xenopsminutus103_NA" "Xenopsminutus111_SA" "Xenopsminutus104_CA" "Xenopsminutus110_CH" "Xenopsminutus118_NA" "Xenopsminutus102_SA"


[[1]][[8]]$isolation_index
[1] 0.00032363

[[1]][[8]]$matrix
           [,1]       [,2]       [,3]       [,4]       [,5]       [,6]       [,7] [,8]
[1,] 0.00000000 0.00000000 0.00000000 0.00000000 0.00000000 0.00000000 0.00000000    0
[2,] 0.00000000 0.00000000 0.00000000 0.00000000 0.00000000 0.00000000 0.00000000    0
[3,] 0.00000000 0.00000000 0.00000000 0.00000000 0.00000000 0.00000000 0.00000000    0
[4,] 0.00000000 0.00000000 0.00000000 0.00000000 0.00000000 0.00000000 0.00000000    0
[5,] 0.00000000 0.00000000 0.00000000 0.00000000 0.00000000 0.00000000 0.00000000    0
[6,] 0.00000000 0.00000000 0.00000000 0.00000000 0.00000000 0.00000000 0.00000000    0
[7,] 0.00000000 0.00000000 0.00000000 0.00000000 0.00000000 0.00000000 0.00000000    0
[8,] 0.00032363 0.00032363 0.00032363 0.00032363 0.00032363 0.00032363 0.00032363    0


[[1]][[9]]
[[1]][[9]]$partition
[[1]][[9]]$partition$a
[1] "Xenopsminutus119_CA" "Xenopsminutus104_CA"

[[1]][[9]]$partition$b
[1] "Xenopsminutus103_NA" "Xenopsminutus111_SA" "Xenopsminutus110_CH" "Xenopsminutus118_NA" "Xenopsminutus102_SA" "Xenopsminutus025_CH"


[[1]][[9]]$isolation_index
[1] 0.000373575

[[1]][[9]]$matrix
            [,1]        [,2]        [,3]        [,4] [,5] [,6] [,7] [,8]
[1,] 0.000000000 0.000000000 0.000000000 0.000000000    0    0    0    0
[2,] 0.000373575 0.000000000 0.000000000 0.000000000    0    0    0    0
[3,] 0.000373575 0.000000000 0.000000000 0.000000000    0    0    0    0
[4,] 0.000000000 0.000373575 0.000373575 0.000000000    0    0    0    0
[5,] 0.000373575 0.000000000 0.000000000 0.000373575    0    0    0    0
[6,] 0.000373575 0.000000000 0.000000000 0.000373575    0    0    0    0
[7,] 0.000373575 0.000000000 0.000000000 0.000373575    0    0    0    0
[8,] 0.000373575 0.000000000 0.000000000 0.000373575    0    0    0    0


[[1]][[10]]
[[1]][[10]]$partition
[[1]][[10]]$partition$a
[1] "Xenopsminutus103_NA" "Xenopsminutus118_NA"

[[1]][[10]]$partition$b
[1] "Xenopsminutus119_CA" "Xenopsminutus111_SA" "Xenopsminutus104_CA" "Xenopsminutus110_CH" "Xenopsminutus102_SA" "Xenopsminutus025_CH"


[[1]][[10]]$isolation_index
[1] 6.0515e-05

[[1]][[10]]$matrix
           [,1]       [,2]       [,3]       [,4]       [,5]       [,6] [,7] [,8]
[1,] 0.0000e+00 0.0000e+00 0.0000e+00 0.0000e+00 0.0000e+00 0.0000e+00    0    0
[2,] 6.0515e-05 0.0000e+00 0.0000e+00 0.0000e+00 0.0000e+00 0.0000e+00    0    0
[3,] 0.0000e+00 6.0515e-05 0.0000e+00 0.0000e+00 0.0000e+00 0.0000e+00    0    0
[4,] 0.0000e+00 6.0515e-05 0.0000e+00 0.0000e+00 0.0000e+00 0.0000e+00    0    0
[5,] 0.0000e+00 6.0515e-05 0.0000e+00 0.0000e+00 0.0000e+00 0.0000e+00    0    0
[6,] 6.0515e-05 0.0000e+00 6.0515e-05 6.0515e-05 6.0515e-05 0.0000e+00    0    0
[7,] 0.0000e+00 6.0515e-05 0.0000e+00 0.0000e+00 0.0000e+00 6.0515e-05    0    0
[8,] 0.0000e+00 6.0515e-05 0.0000e+00 0.0000e+00 0.0000e+00 6.0515e-05    0    0


[[1]][[11]]
[[1]][[11]]$partition
[[1]][[11]]$partition$a
[1] "Xenopsminutus111_SA" "Xenopsminutus118_NA"

[[1]][[11]]$partition$b
[1] "Xenopsminutus119_CA" "Xenopsminutus103_NA" "Xenopsminutus104_CA" "Xenopsminutus110_CH" "Xenopsminutus102_SA" "Xenopsminutus025_CH"


[[1]][[11]]$isolation_index
[1] 9.075e-06

[[1]][[11]]$matrix
          [,1]      [,2]      [,3]      [,4]      [,5]      [,6] [,7] [,8]
[1,] 0.000e+00 0.000e+00 0.000e+00 0.000e+00 0.000e+00 0.000e+00    0    0
[2,] 0.000e+00 0.000e+00 0.000e+00 0.000e+00 0.000e+00 0.000e+00    0    0
[3,] 9.075e-06 9.075e-06 0.000e+00 0.000e+00 0.000e+00 0.000e+00    0    0
[4,] 0.000e+00 0.000e+00 9.075e-06 0.000e+00 0.000e+00 0.000e+00    0    0
[5,] 0.000e+00 0.000e+00 9.075e-06 0.000e+00 0.000e+00 0.000e+00    0    0
[6,] 9.075e-06 9.075e-06 0.000e+00 9.075e-06 9.075e-06 0.000e+00    0    0
[7,] 0.000e+00 0.000e+00 9.075e-06 0.000e+00 0.000e+00 9.075e-06    0    0
[8,] 0.000e+00 0.000e+00 9.075e-06 0.000e+00 0.000e+00 9.075e-06    0    0


[[1]][[12]]
[[1]][[12]]$partition
[[1]][[12]]$partition$a
[1] "Xenopsminutus111_SA" "Xenopsminutus102_SA"

[[1]][[12]]$partition$b
[1] "Xenopsminutus119_CA" "Xenopsminutus103_NA" "Xenopsminutus104_CA" "Xenopsminutus110_CH" "Xenopsminutus118_NA" "Xenopsminutus025_CH"


[[1]][[12]]$isolation_index
[1] 6.799e-05

[[1]][[12]]$matrix
          [,1]      [,2]      [,3]      [,4]      [,5]      [,6]      [,7] [,8]
[1,] 0.000e+00 0.000e+00 0.000e+00 0.000e+00 0.000e+00 0.000e+00 0.000e+00    0
[2,] 0.000e+00 0.000e+00 0.000e+00 0.000e+00 0.000e+00 0.000e+00 0.000e+00    0
[3,] 6.799e-05 6.799e-05 0.000e+00 0.000e+00 0.000e+00 0.000e+00 0.000e+00    0
[4,] 0.000e+00 0.000e+00 6.799e-05 0.000e+00 0.000e+00 0.000e+00 0.000e+00    0
[5,] 0.000e+00 0.000e+00 6.799e-05 0.000e+00 0.000e+00 0.000e+00 0.000e+00    0
[6,] 0.000e+00 0.000e+00 6.799e-05 0.000e+00 0.000e+00 0.000e+00 0.000e+00    0
[7,] 6.799e-05 6.799e-05 0.000e+00 6.799e-05 6.799e-05 6.799e-05 0.000e+00    0
[8,] 0.000e+00 0.000e+00 6.799e-05 0.000e+00 0.000e+00 0.000e+00 6.799e-05    0


[[1]][[13]]
[[1]][[13]]$partition
[[1]][[13]]$partition$a
[1] "Xenopsminutus104_CA" "Xenopsminutus110_CH"

[[1]][[13]]$partition$b
[1] "Xenopsminutus119_CA" "Xenopsminutus103_NA" "Xenopsminutus111_SA" "Xenopsminutus118_NA" "Xenopsminutus102_SA" "Xenopsminutus025_CH"


[[1]][[13]]$isolation_index
[1] 1.2e-07

[[1]][[13]]$matrix
        [,1]    [,2]    [,3]    [,4]    [,5] [,6] [,7] [,8]
[1,] 0.0e+00 0.0e+00 0.0e+00 0.0e+00 0.0e+00    0    0    0
[2,] 0.0e+00 0.0e+00 0.0e+00 0.0e+00 0.0e+00    0    0    0
[3,] 0.0e+00 0.0e+00 0.0e+00 0.0e+00 0.0e+00    0    0    0
[4,] 1.2e-07 1.2e-07 1.2e-07 0.0e+00 0.0e+00    0    0    0
[5,] 1.2e-07 1.2e-07 1.2e-07 0.0e+00 0.0e+00    0    0    0
[6,] 0.0e+00 0.0e+00 0.0e+00 1.2e-07 1.2e-07    0    0    0
[7,] 0.0e+00 0.0e+00 0.0e+00 1.2e-07 1.2e-07    0    0    0
[8,] 0.0e+00 0.0e+00 0.0e+00 1.2e-07 1.2e-07    0    0    0


[[1]][[14]]
[[1]][[14]]$partition
[[1]][[14]]$partition$a
[1] "Xenopsminutus110_CH" "Xenopsminutus025_CH"

[[1]][[14]]$partition$b
[1] "Xenopsminutus119_CA" "Xenopsminutus103_NA" "Xenopsminutus111_SA" "Xenopsminutus104_CA" "Xenopsminutus118_NA" "Xenopsminutus102_SA"


[[1]][[14]]$isolation_index
[1] 0.00021055

[[1]][[14]]$matrix
           [,1]       [,2]       [,3]       [,4]       [,5]       [,6]       [,7] [,8]
[1,] 0.00000000 0.00000000 0.00000000 0.00000000 0.00000000 0.00000000 0.00000000    0
[2,] 0.00000000 0.00000000 0.00000000 0.00000000 0.00000000 0.00000000 0.00000000    0
[3,] 0.00000000 0.00000000 0.00000000 0.00000000 0.00000000 0.00000000 0.00000000    0
[4,] 0.00000000 0.00000000 0.00000000 0.00000000 0.00000000 0.00000000 0.00000000    0
[5,] 0.00021055 0.00021055 0.00021055 0.00021055 0.00000000 0.00000000 0.00000000    0
[6,] 0.00000000 0.00000000 0.00000000 0.00000000 0.00021055 0.00000000 0.00000000    0
[7,] 0.00000000 0.00000000 0.00000000 0.00000000 0.00021055 0.00000000 0.00000000    0
[8,] 0.00021055 0.00021055 0.00021055 0.00021055 0.00000000 0.00021055 0.00021055    0


[[1]][[15]]
[[1]][[15]]$partition
[[1]][[15]]$partition$a
[1] "Xenopsminutus119_CA" "Xenopsminutus104_CA" "Xenopsminutus110_CH"

[[1]][[15]]$partition$b
[1] "Xenopsminutus103_NA" "Xenopsminutus111_SA" "Xenopsminutus118_NA" "Xenopsminutus102_SA" "Xenopsminutus025_CH"


[[1]][[15]]$isolation_index
[1] 2.5385e-05

[[1]][[15]]$matrix
           [,1]       [,2]       [,3]       [,4]       [,5] [,6] [,7] [,8]
[1,] 0.0000e+00 0.0000e+00 0.0000e+00 0.0000e+00 0.0000e+00    0    0    0
[2,] 2.5385e-05 0.0000e+00 0.0000e+00 0.0000e+00 0.0000e+00    0    0    0
[3,] 2.5385e-05 0.0000e+00 0.0000e+00 0.0000e+00 0.0000e+00    0    0    0
[4,] 0.0000e+00 2.5385e-05 2.5385e-05 0.0000e+00 0.0000e+00    0    0    0
[5,] 0.0000e+00 2.5385e-05 2.5385e-05 0.0000e+00 0.0000e+00    0    0    0
[6,] 2.5385e-05 0.0000e+00 0.0000e+00 2.5385e-05 2.5385e-05    0    0    0
[7,] 2.5385e-05 0.0000e+00 0.0000e+00 2.5385e-05 2.5385e-05    0    0    0
[8,] 2.5385e-05 0.0000e+00 0.0000e+00 2.5385e-05 2.5385e-05    0    0    0


[[1]][[16]]
[[1]][[16]]$partition
[[1]][[16]]$partition$a
[1] "Xenopsminutus103_NA" "Xenopsminutus111_SA" "Xenopsminutus118_NA"

[[1]][[16]]$partition$b
[1] "Xenopsminutus119_CA" "Xenopsminutus104_CA" "Xenopsminutus110_CH" "Xenopsminutus102_SA" "Xenopsminutus025_CH"


[[1]][[16]]$isolation_index
[1] 1.9915e-05

[[1]][[16]]$matrix
           [,1]       [,2]       [,3]       [,4]       [,5]       [,6] [,7] [,8]
[1,] 0.0000e+00 0.0000e+00 0.0000e+00 0.0000e+00 0.0000e+00 0.0000e+00    0    0
[2,] 1.9915e-05 0.0000e+00 0.0000e+00 0.0000e+00 0.0000e+00 0.0000e+00    0    0
[3,] 1.9915e-05 0.0000e+00 0.0000e+00 0.0000e+00 0.0000e+00 0.0000e+00    0    0
[4,] 0.0000e+00 1.9915e-05 1.9915e-05 0.0000e+00 0.0000e+00 0.0000e+00    0    0
[5,] 0.0000e+00 1.9915e-05 1.9915e-05 0.0000e+00 0.0000e+00 0.0000e+00    0    0
[6,] 1.9915e-05 0.0000e+00 0.0000e+00 1.9915e-05 1.9915e-05 0.0000e+00    0    0
[7,] 0.0000e+00 1.9915e-05 1.9915e-05 0.0000e+00 0.0000e+00 1.9915e-05    0    0
[8,] 0.0000e+00 1.9915e-05 1.9915e-05 0.0000e+00 0.0000e+00 1.9915e-05    0    0


[[1]][[17]]
[[1]][[17]]$partition
[[1]][[17]]$partition$a
[1] "Xenopsminutus111_SA" "Xenopsminutus118_NA" "Xenopsminutus102_SA"

[[1]][[17]]$partition$b
[1] "Xenopsminutus119_CA" "Xenopsminutus103_NA" "Xenopsminutus104_CA" "Xenopsminutus110_CH" "Xenopsminutus025_CH"


[[1]][[17]]$isolation_index
[1] 3.06e-06

[[1]][[17]]$matrix
         [,1]     [,2]     [,3]     [,4]     [,5]     [,6]     [,7] [,8]
[1,] 0.00e+00 0.00e+00 0.00e+00 0.00e+00 0.00e+00 0.00e+00 0.00e+00    0
[2,] 0.00e+00 0.00e+00 0.00e+00 0.00e+00 0.00e+00 0.00e+00 0.00e+00    0
[3,] 3.06e-06 3.06e-06 0.00e+00 0.00e+00 0.00e+00 0.00e+00 0.00e+00    0
[4,] 0.00e+00 0.00e+00 3.06e-06 0.00e+00 0.00e+00 0.00e+00 0.00e+00    0
[5,] 0.00e+00 0.00e+00 3.06e-06 0.00e+00 0.00e+00 0.00e+00 0.00e+00    0
[6,] 3.06e-06 3.06e-06 0.00e+00 3.06e-06 3.06e-06 0.00e+00 0.00e+00    0
[7,] 3.06e-06 3.06e-06 0.00e+00 3.06e-06 3.06e-06 0.00e+00 0.00e+00    0
[8,] 0.00e+00 0.00e+00 3.06e-06 0.00e+00 0.00e+00 3.06e-06 3.06e-06    0


[[1]][[18]]
[[1]][[18]]$partition
[[1]][[18]]$partition$a
[1] "Xenopsminutus111_SA" "Xenopsminutus102_SA" "Xenopsminutus025_CH"

[[1]][[18]]$partition$b
[1] "Xenopsminutus119_CA" "Xenopsminutus103_NA" "Xenopsminutus104_CA" "Xenopsminutus110_CH" "Xenopsminutus118_NA"


[[1]][[18]]$isolation_index
[1] 4.3e-06

[[1]][[18]]$matrix
        [,1]    [,2]    [,3]    [,4]    [,5]    [,6] [,7] [,8]
[1,] 0.0e+00 0.0e+00 0.0e+00 0.0e+00 0.0e+00 0.0e+00    0    0
[2,] 0.0e+00 0.0e+00 0.0e+00 0.0e+00 0.0e+00 0.0e+00    0    0
[3,] 4.3e-06 4.3e-06 0.0e+00 0.0e+00 0.0e+00 0.0e+00    0    0
[4,] 0.0e+00 0.0e+00 4.3e-06 0.0e+00 0.0e+00 0.0e+00    0    0
[5,] 0.0e+00 0.0e+00 4.3e-06 0.0e+00 0.0e+00 0.0e+00    0    0
[6,] 0.0e+00 0.0e+00 4.3e-06 0.0e+00 0.0e+00 0.0e+00    0    0
[7,] 4.3e-06 4.3e-06 0.0e+00 4.3e-06 4.3e-06 4.3e-06    0    0
[8,] 4.3e-06 4.3e-06 0.0e+00 4.3e-06 4.3e-06 4.3e-06    0    0


[[1]][[19]]
[[1]][[19]]$partition
[[1]][[19]]$partition$a
[1] "Xenopsminutus119_CA" "Xenopsminutus104_CA" "Xenopsminutus110_CH" "Xenopsminutus025_CH"

[[1]][[19]]$partition$b
[1] "Xenopsminutus103_NA" "Xenopsminutus111_SA" "Xenopsminutus118_NA" "Xenopsminutus102_SA"


[[1]][[19]]$isolation_index
[1] 0.000986625

[[1]][[19]]$matrix
            [,1]        [,2]        [,3]        [,4]        [,5]        [,6]        [,7] [,8]
[1,] 0.000000000 0.000000000 0.000000000 0.000000000 0.000000000 0.000000000 0.000000000    0
[2,] 0.000986625 0.000000000 0.000000000 0.000000000 0.000000000 0.000000000 0.000000000    0
[3,] 0.000986625 0.000000000 0.000000000 0.000000000 0.000000000 0.000000000 0.000000000    0
[4,] 0.000000000 0.000986625 0.000986625 0.000000000 0.000000000 0.000000000 0.000000000    0
[5,] 0.000000000 0.000986625 0.000986625 0.000000000 0.000000000 0.000000000 0.000000000    0
[6,] 0.000986625 0.000000000 0.000000000 0.000986625 0.000986625 0.000000000 0.000000000    0
[7,] 0.000986625 0.000000000 0.000000000 0.000986625 0.000986625 0.000000000 0.000000000    0
[8,] 0.000000000 0.000986625 0.000986625 0.000000000 0.000000000 0.000986625 0.000986625    0


[[1]][[20]]
[[1]][[20]]$partition
[[1]][[20]]$partition$a
[1] "Xenopsminutus103_NA" "Xenopsminutus111_SA" "Xenopsminutus118_NA" "Xenopsminutus102_SA"

[[1]][[20]]$partition$b
[1] "Xenopsminutus119_CA" "Xenopsminutus104_CA" "Xenopsminutus110_CH" "Xenopsminutus025_CH"


[[1]][[20]]$isolation_index
[1] 0.000986625

[[1]][[20]]$matrix
            [,1]        [,2]        [,3]        [,4]        [,5]        [,6]        [,7] [,8]
[1,] 0.000000000 0.000000000 0.000000000 0.000000000 0.000000000 0.000000000 0.000000000    0
[2,] 0.000986625 0.000000000 0.000000000 0.000000000 0.000000000 0.000000000 0.000000000    0
[3,] 0.000986625 0.000000000 0.000000000 0.000000000 0.000000000 0.000000000 0.000000000    0
[4,] 0.000000000 0.000986625 0.000986625 0.000000000 0.000000000 0.000000000 0.000000000    0
[5,] 0.000000000 0.000986625 0.000986625 0.000000000 0.000000000 0.000000000 0.000000000    0
[6,] 0.000986625 0.000000000 0.000000000 0.000986625 0.000986625 0.000000000 0.000000000    0
[7,] 0.000986625 0.000000000 0.000000000 0.000986625 0.000986625 0.000000000 0.000000000    0
[8,] 0.000000000 0.000986625 0.000986625 0.000000000 0.000000000 0.000986625 0.000986625    0



[[2]]
            [,1]        [,2]        [,3]        [,4]        [,5]       [,6]      [,7] [,8]
[1,] 0.000000000 0.000000000 0.000000000 0.000000000 0.000000000 0.00000000 0.0000000    0
[2,] 0.003505380 0.000000000 0.000000000 0.000000000 0.000000000 0.00000000 0.0000000    0
[3,] 0.003426090 0.001484580 0.000000000 0.000000000 0.000000000 0.00000000 0.0000000    0
[4,] 0.000656400 0.003499140 0.003419850 0.000000000 0.000000000 0.00000000 0.0000000    0
[5,] 0.001115895 0.003211485 0.003132195 0.001109415 0.000000000 0.00000000 0.0000000    0
[6,] 0.003501160 0.001438620 0.001456090 0.003494920 0.003207265 0.00000000 0.0000000    0
[7,] 0.003241200 0.001339520 0.001109530 0.003234960 0.002947305 0.00132918 0.0000000    0
[8,] 0.001268760 0.003313580 0.003225690 0.001262520 0.000553765 0.00330936 0.0030408    0

